"","Aepyceros_melampus","Alcelaphus_buselaphus","Alcelaphus_caama","Alces_alces","Alces_americanus","Ammotragus_lervia","Antidorcas_marsupialis","Antilocapra_americana","Antilope_cervicapra","Axis_axis","Axis_porcinus","Bison_bison","Bison_bonasus","Blastocerus_dichotomus","Bos_frontalis_gaurus","Bos_grunniens_mutus","Bos_javanicus","Bos_taurus_primigenius","Boselaphus_tragocamelus","Bubalus_bubalis_arnee","Budorcas_taxicolor","Camelus_bactrianus","Camelus_dromedarius","Capra_hircus_aegagrus","Capra_ibex","Capra_nubiana","Capra_pyrenaica","Capra_sibirica","Capreolus_capreolus","Capreolus_pygargus","Capricornis_crispus","Capricornis_swinhoei","Catagonus_wagneri","Cephalophus_dorsalis","Cephalophus_jentinki","Cephalophus_natalensis","Cephalophus_niger","Cephalophus_nigrifrons","Cephalophus_rufilatus","Cephalophus_silvicultor","Cephalophus_zebra","Ceratotherium_simum","Cervus_elaphus","Cervus_nippon","Connochaetes_gnou","Connochaetes_taurinus","Dama_dama","Damaliscus_korrigum","Damaliscus_lunatus","Damaliscus_pygargus","Diceros_bicornis","Equus_burchellii","Equus_grevyi","Equus_hemionus","Equus_kiang","Equus_przewalskii","Equus_zebra","Eudorcas_rufifrons","Eudorcas_thomsonii","Gazella_bennettii","Gazella_dorcas","Gazella_gazella","Gazella_subgutturosa","Giraffa_camelopardalis","Hemitragus_jemlahicus","Hippocamelus_antisensis","Hippocamelus_bisulcus","Hippopotamus_amphibius","Hippotragus_equinus","Hippotragus_niger","Hyemoschus_aquaticus","Hylochoerus_meinertzhageni","Kobus_ellipsiprymnus","Kobus_kob","Kobus_leche","Kobus_megaceros","Kobus_vardonii","Lama_glama_guanicoe","Litocranius_walleri","Madoqua_guentheri","Madoqua_kirkii","Madoqua_saltiana","Mazama_americana","Mazama_gouazoubira","Mazama_nana","Mazama_pandora","Mazama_rufina","Mazama_temama","Muntiacus_muntjak","Muntiacus_reevesi","Nanger_granti","Nanger_soemmerringii","Neotragus_batesi","Neotragus_pygmaeus","Odocoileus_hemionus","Odocoileus_virginianus","Oreamnos_americanus","Oreotragus_oreotragus","Oryx_beisa","Oryx_gazella","Oryx_leucoryx","Ourebia_ourebi","Ovibos_moschatus","Ovis_ammon","Ovis_aries_orientalis","Ovis_canadensis","Ovis_dalli","Ozotoceros_bezoarticus","Pecari_tajacu","Pelea_capreolus","Phacochoerus_aethiopicus","Phacochoerus_africanus","Philantomba_maxwellii","Philantomba_monticola","Potamochoerus_larvatus","Potamochoerus_porcus","Procapra_picticaudata","Pseudois_nayaur","Pudu_puda","Rangifer_tarandus","Raphicerus_campestris","Raphicerus_melanotis","Raphicerus_sharpei","Redunca_arundinum","Redunca_fulvorufula","Redunca_redunca","Rhinoceros_unicornis","Rucervus_duvaucelii","Rupicapra_pyrenaica","Rupicapra_rupicapra","Rusa_timorensis","Rusa_unicolor","Sus_barbatus","Sus_cebifrons","Sus_scrofa","Sylvicapra_grimmia","Syncerus_caffer","Tapirus_bairdii","Tapirus_pinchaque","Tapirus_terrestris","Taurotragus_oryx","Tayassu_pecari","Tragelaphus_angasii","Tragelaphus_buxtoni","Tragelaphus_eurycerus","Tragelaphus_imberbis","Tragelaphus_scriptus","Tragelaphus_spekii","Tragelaphus_strepsiceros","Tragulus_kanchil","Tragulus_napu","Vicugna_vicugna"
"Aepyceros_melampus",0,0.0571500622767027,0.142520851647846,0.364144906332292,0.375877805881793,0.0804777691966114,0.134426331498982,0.237087158281968,0.116819083139716,0.122193672185191,0.149735031968601,0.261593311580153,0.33003523219901,0.146554487982887,0.159125303980656,0.452871889693879,0.185277695646492,0.312894693208108,0.13325843973394,0.223249782490565,0.257282805679028,0.324562817373987,0.202915684080625,0.232225528026366,0.364624916427135,0.154532737534299,0.259459226712557,0.452006902565698,0.332241574610369,0.357554100872144,0.350767769745822,0.323753093225957,0.0650074442146142,0.194503700022126,0.308769745796419,0.165354065210269,0.122075974872807,0.261410510534405,0.130211559287908,0.204390093228529,0.159633398212559,0.0581405717518397,0.342882943278366,0.24890357346607,0.111906425320324,0.0462827955464526,0.338786799102526,0.039586532075433,0.0445568663775341,0.0955318070724067,0.0198871398764613,0.0192317852399331,0.0911370042680101,0.168557778218246,0.462059183702394,0.468501118124602,0.0792562151783699,0.123284002090968,0.102428339906961,0.142111509693891,0.174914627282998,0.146047192258749,0.212886251741463,0.106272693321511,0.230508254830666,0.112274176668105,0.364154211884809,0.0210257334031151,0.129310016478882,0.0838464589890078,0.160795224474705,0.207788831351815,0.0532651297382376,0.12413796439011,0.0974172563134931,0.121737883275038,0.105681340570786,0.275871984936281,0.0657388157797307,0.0689845643234002,0.0324973943687273,0.0575989706113529,0.223846574173312,0.157499660325541,0.247209494438642,0.145665071885389,0.26620121256451,0.207585983753873,0.152581373719658,0.328547023301632,0.0788580861525468,0.0722589340020822,0.192906113446241,0.0770796937963773,0.2323188250516,0.233675264890185,0.398033629525238,0.0585264035551794,0.0940180895334745,0.147693139166188,0.154953500923324,0.105980538765188,0.493546925442384,0.434324173443666,0.429445603104329,0.218428568708338,0.415999195384669,0.096205431994314,0.103968095071233,0.157261682392918,0.0494680322512011,0.0517892401769629,0.185781509959749,0.134544942922282,0.0310048789965319,0.154292777664375,0.447993324103892,0.325094744676401,0.342665566059206,0.412565489659449,0.117430797000942,0.144496535480743,0.108391960700066,0.11635640004351,0.0784578613213157,0.135131288172437,0.143157110037644,0.172800537550892,0.360084618177671,0.479444588440635,0.189433710567344,0.127194588656312,0.312214954055409,0.104273506839438,0.410988374467238,0.0896549201994015,0.0504735903808344,0.209561019388826,0.327637826342987,0.212386056057601,0.0241469150945076,0.180134145114806,0.0821737718133338,0.212598365626947,0.203959426186594,0.0567614901414588,0.0678117169868686,0.112370983716961,0.108448389081759,0.143587279106851,0.283234652435655,0.240967523482788
"Alcelaphus_buselaphus",0.0571500622767027,0,0.0946427876980557,0.387296721142725,0.401840180766041,0.0752941881545355,0.0860367001953438,0.257580894737039,0.0930172562539782,0.119898054315133,0.153235862553254,0.28875677859779,0.352806363050188,0.145171699734036,0.16941152706031,0.479228262866736,0.189680454374189,0.336355060715013,0.108333907678596,0.231053894795743,0.294958873305851,0.344397559667152,0.186835412691854,0.239735659215133,0.387847018317103,0.143140653845682,0.286160862495323,0.477727528516471,0.358466198506305,0.382204159909376,0.382566155469723,0.361117430641984,0.0587514265207153,0.210936306776587,0.311550646091815,0.172969758160225,0.148296259089403,0.309987602595221,0.0992798877948285,0.218207646447104,0.179161824276276,0.0961451530315601,0.370166633287129,0.281843662920896,0.147644486089922,0.0553799471777433,0.36352755449074,0.047347258090261,0.0253437110497253,0.13038736416823,0.0670663942344816,0.07075836911235,0.123998713915466,0.162296830630466,0.489739355652982,0.493264871081325,0.0993773591953864,0.0893124126844495,0.148031250852453,0.106622013770804,0.150213216796257,0.136396202959172,0.227534896111709,0.0603316716605009,0.26178466645091,0.159735076515131,0.388769322669286,0.043831191810159,0.104720185323645,0.0416196663075391,0.187172830337735,0.230782751137707,0.0582128266958093,0.0913588005541745,0.0482886712848352,0.0957154741147567,0.0655359198511555,0.297309867760677,0.0756903836830175,0.0811951717733541,0.0848476829148819,0.074258345175538,0.230990357879041,0.173107023981373,0.251453674209542,0.14370405372569,0.30948297769056,0.249261404871613,0.177350031512229,0.347616373916451,0.0937575782722988,0.0506070409403206,0.203489535875232,0.11229061801035,0.249852087441838,0.263960124232896,0.423924727099196,0.0715172847991455,0.0857767123331208,0.0997423214354778,0.130814223424632,0.060436732939975,0.525311888547263,0.46069548668769,0.453521160017634,0.24338902143914,0.440165064089093,0.135796318699441,0.133437766241222,0.191966740192666,0.056111997833901,0.0370955478138529,0.21736921975752,0.161068721753673,0.0571511725741341,0.14991246954353,0.475054426103455,0.355004749739415,0.367549963454534,0.438639153468726,0.0826215617527887,0.15032799824809,0.065403021948563,0.0740867862246755,0.123494082299864,0.103685190064496,0.127429193714605,0.175395786119689,0.391444084173534,0.506487942682476,0.229838055705857,0.132792004617099,0.326046194861608,0.0772930539192365,0.435186228714513,0.0658208475766996,0.043250015932267,0.221320446904707,0.365911589107025,0.242308033354839,0.0627211346612832,0.192863160626831,0.0628814721601436,0.25655506307781,0.214161985637155,0.0639392835588481,0.0624673442757881,0.131669313288496,0.0607448690775751,0.146756727689227,0.293676315822856,0.289584474712248
"Alcelaphus_caama",0.142520851647846,0.0946427876980557,0,0.448995119068658,0.460933881614477,0.119530838865128,0.0257853035960365,0.289469380449572,0.103990780637976,0.189209929220358,0.231604100119453,0.356719672957328,0.410145887891423,0.229949935203156,0.25609624119899,0.516280284984756,0.267588082332184,0.389312135063585,0.100726916184665,0.313693475509715,0.366307866116637,0.363141087390336,0.172799101616702,0.2643794245339,0.45375289123422,0.142251800721549,0.33752427588143,0.514243586616494,0.425681578142646,0.437953077533439,0.452007465599507,0.444575374751154,0.134473026606924,0.298390486945399,0.392089692495621,0.257681359320754,0.237878543678004,0.403930248019335,0.154165430750615,0.3040264018666,0.269724161818615,0.173515497551389,0.440225018716339,0.352744123529962,0.212004412279977,0.116023024073555,0.428396768684074,0.129641085352597,0.117238796328857,0.200486880343,0.151943973253491,0.159121093863855,0.194719496049306,0.170420484167244,0.524683018336677,0.524953746685222,0.142013713054449,0.095453524159797,0.222066267606802,0.0845518853995779,0.133873383520326,0.15164691393977,0.23504217342785,0.0446640596169891,0.344360915052864,0.248852105835396,0.468300642831227,0.129076075533253,0.156217265096238,0.0865819804823458,0.276547764068077,0.320227397916331,0.148973309504496,0.122865414924305,0.0564267089203414,0.109959554441489,0.0850954082545722,0.352201665551381,0.146713657008125,0.158528590775238,0.172261999605804,0.156209991604695,0.316857919562956,0.265999985235003,0.330040838546226,0.211208977444642,0.402145615614529,0.335106838885401,0.26748609550264,0.398437136819183,0.156987361454964,0.0866671815610957,0.291385469296199,0.206371786182615,0.301769053381652,0.332683046388326,0.492086029728835,0.115609473846023,0.132415406571349,0.0235020375977835,0.121742356088742,0.0870761801297967,0.556924970348099,0.493650909601822,0.479048383297641,0.304823704007751,0.483216702228184,0.229645060422907,0.228080553939278,0.275778972175197,0.146744459585357,0.124572835060127,0.308601766764133,0.252785637386456,0.141926220019765,0.223984917754715,0.51695639773459,0.39990427945527,0.448420981388095,0.500437742098608,0.0461500099046543,0.231530198217644,0.0478085480229832,0.0445240630628058,0.206249446334504,0.132120323841397,0.177444836999097,0.253886231631604,0.47165556092757,0.549705198135912,0.321271726620656,0.217665081575719,0.410800137184961,0.0990584622187625,0.472539010754136,0.132776927287903,0.130152164283272,0.310488740191736,0.455278761374461,0.321362360652012,0.149041406738804,0.28089485712996,0.0948080120348906,0.350325245522203,0.296889622784013,0.113412430978164,0.147362750358171,0.224789240814153,0.0468200796870608,0.222528914837227,0.373061316567024,0.368204814779545
"Alces_alces",0.364144906332292,0.387296721142725,0.448995119068658,0,0.0710409879592716,0.38212130963006,0.441038917584651,0.199592000996367,0.407343522954693,0.395363136550405,0.387630329008203,0.174881546492335,0.0623827297041187,0.32971505147222,0.390117615951624,0.207610265460307,0.405980354261534,0.126758949513189,0.411445161221089,0.402655588132181,0.183298903750162,0.234636171866097,0.381187961705512,0.27142703175165,0.092070624429019,0.357707288637595,0.14394475775867,0.183006406449577,0.0675849189963018,0.0889244804711656,0.1698254664128,0.207704837865619,0.385821693530307,0.404183319482099,0.506412161262615,0.388937881483113,0.38049396806583,0.27544857100361,0.450191282375641,0.421268584751369,0.38055184996473,0.319909583076841,0.0699341265168286,0.177109157121608,0.269169129598012,0.35549286247022,0.0705512806532384,0.354099977631675,0.379392930859511,0.275156042513683,0.366368958884312,0.350137040776631,0.393522845483414,0.329957401756125,0.215030230350224,0.230213464020407,0.338290780506267,0.469273471134181,0.290900436122934,0.410713253955425,0.375489214600245,0.349593674040467,0.272684400091001,0.428426721880758,0.170897392070563,0.291318703901051,0.112254231082655,0.366386978701853,0.435323298911907,0.415652720754296,0.386408622105858,0.404762543661894,0.384230386566505,0.464279910344142,0.42226862242999,0.462653069375658,0.449526791970843,0.166934252313843,0.41712963893434,0.413708050797148,0.343111854948303,0.39463139374381,0.429205041022119,0.381944890508905,0.463488352492476,0.376654858888106,0.293677226612534,0.242075701693375,0.351720166451262,0.0859885056420093,0.41862828100344,0.375119600852078,0.40149166323421,0.361902277835558,0.165805357676577,0.162714395453391,0.0887694896073287,0.351689289323592,0.448947052711413,0.448266767780054,0.390267959754503,0.421596016465359,0.235006918983292,0.188022708232641,0.194224525555617,0.180880071841811,0.149092534323893,0.329029036374217,0.34375497773309,0.226031026521937,0.382610487915769,0.391570294843409,0.389112735852328,0.366901145472695,0.35839737710898,0.425939473845596,0.201613095193858,0.153518430134463,0.17166990833279,0.138511380555445,0.414941782268526,0.400086873056723,0.415453177134351,0.417641057000181,0.295056643731284,0.473850511479054,0.406029181043341,0.407002626785246,0.10410697333694,0.182063634062794,0.279704694028578,0.36476505454711,0.464351778692133,0.397427771160524,0.162160733266881,0.416907642868231,0.38913737639647,0.40462082520678,0.218520303628983,0.370402022772465,0.345841345714461,0.399226570108069,0.425964070237705,0.304189416501773,0.41739296344279,0.363445022457835,0.389554672509438,0.371343333542301,0.423387960983573,0.398151626332013,0.451542677112175,0.223185854323576
"Alces_americanus",0.375877805881793,0.401840180766041,0.460933881614477,0.0710409879592716,0,0.392105519455153,0.452245578263744,0.183223554297508,0.421172818228418,0.415401792878152,0.410843598621472,0.166047160527328,0.0845127605161076,0.347455098325092,0.416366618464351,0.183915500512685,0.43312142651147,0.138823006011393,0.419531959190071,0.436404293080038,0.204503082866509,0.186274936813603,0.382367743812301,0.262950865904941,0.152286550766037,0.368590004989119,0.163324485043645,0.170584373091589,0.122716537750455,0.0613861110562347,0.187666149472988,0.254832229301971,0.397680310165622,0.428533241018775,0.538914300810447,0.413929847500553,0.39695712894029,0.297174120333869,0.467571904977985,0.447678680829948,0.405385615576678,0.331768199712157,0.127349471681692,0.208150111490746,0.282684910752476,0.366695272291931,0.122838449759809,0.368748982405981,0.395871138176547,0.287063884400606,0.379215118745871,0.362944265857273,0.40538146211873,0.343857912043626,0.207570664784286,0.203854692871573,0.34827499033136,0.483505975900772,0.306182929805243,0.414347290367224,0.386822653234313,0.367765906408044,0.254596293352792,0.438410931705851,0.195256963891834,0.306925164145733,0.170602264720148,0.378245595337169,0.450749368793525,0.430607294243996,0.404703986685089,0.427672005351351,0.400566455038541,0.481044925999177,0.433116546644963,0.473751398416255,0.464121737971078,0.197624329550557,0.429818923831774,0.427238624482563,0.356498141237069,0.40906017004716,0.461635985491455,0.404781617615496,0.490174758123354,0.385497412534038,0.318573206563877,0.267316034017967,0.383978593730643,0.122970176883966,0.430967081530586,0.386982314841759,0.43293261867986,0.376664977639204,0.171278843045199,0.167908134395801,0.123881393213458,0.36341861841989,0.46076343439891,0.4595896053714,0.398757993809166,0.43722201398681,0.229950908946704,0.169739314941128,0.183792770514289,0.17851243048054,0.132955043493937,0.341830157987895,0.357164239082923,0.242929854018113,0.398285717961772,0.406953659613662,0.406588332569515,0.385532446527476,0.370255993744295,0.440862068843727,0.185646952379264,0.145133104302387,0.213004506286448,0.15925662243627,0.424310067139147,0.418734562006089,0.42739193968017,0.427009341870801,0.308869813087325,0.491231134081398,0.420457957346692,0.43652426035948,0.162691194952933,0.180040899640581,0.312931747643142,0.384947897533398,0.500204313782447,0.411838558948736,0.158879286022916,0.434288265470575,0.404331161490861,0.429972334864725,0.257482221342366,0.389446445342902,0.357493469055613,0.423896694284314,0.436112115029476,0.32330759520502,0.444134294341661,0.373915029197553,0.406509620842064,0.390600558092617,0.435346942053388,0.420539582969256,0.48885841538724,0.249178306376966
"Ammotragus_lervia",0.0804777691966114,0.0752941881545355,0.119530838865128,0.38212130963006,0.392105519455153,0,0.113485718368618,0.241927767266474,0.118699588996,0.134510025758621,0.164452868409466,0.297502932072224,0.350876054217341,0.16666450396501,0.174032492993572,0.453808231607034,0.198287508847804,0.330942377761366,0.138532091282628,0.241234643561953,0.284741070895283,0.303841074007982,0.156957999266276,0.204268870600969,0.373728820140029,0.1011107920461,0.258096092683393,0.443495470162534,0.352366613014665,0.37134517889905,0.381083953824645,0.355159573082055,0.0816637456384263,0.221737477346806,0.325633000399708,0.184869420475697,0.153182477679767,0.298976218029302,0.138758981002655,0.226288097073336,0.189676806995455,0.105233497570633,0.365083299614569,0.278854452077108,0.163387681350156,0.085873518611556,0.359983506987776,0.0954313184773859,0.0816978971488067,0.138602601327609,0.0906695058923497,0.0873279461052064,0.134710249346348,0.110589731657348,0.452050461345138,0.466457878407889,0.0736870465775616,0.132621512948104,0.125942099604661,0.149974026075482,0.117408075945831,0.10904114473427,0.20226479915945,0.0966875243772702,0.26089596308063,0.161587205263005,0.381108422638945,0.081430096525105,0.137526046256052,0.103418443707204,0.190577402986673,0.232284738656414,0.0898702739005976,0.136682037016454,0.0834768829701284,0.0984284378545431,0.117151916067113,0.26834612004028,0.0966501026095213,0.0971494928884933,0.0945432966408883,0.10048009338209,0.242741454096156,0.180545083259706,0.265185842946893,0.143254103467295,0.304183171031922,0.239246034312853,0.174684265853028,0.332718828998409,0.102899419975824,0.0970671551448023,0.215790438291797,0.121027985341971,0.248126646228859,0.265858736210186,0.425308224627195,0.0696156323613547,0.107727650861693,0.127459111848958,0.111877591623181,0.0947525167185543,0.483457034347242,0.42767968774494,0.416113036623166,0.247511858499888,0.416595810283937,0.146223340762123,0.134341339761133,0.180099868531825,0.0903648381363666,0.08413313748422,0.217968639130412,0.166071516721519,0.0600878453973109,0.168872747158862,0.449252397165316,0.346232488386864,0.365422211806334,0.421320826517584,0.107105071342884,0.16036201973133,0.0992655081572315,0.103011325624376,0.122179690602097,0.148718619903787,0.161483102635266,0.187812489963831,0.387914828077287,0.471931754758234,0.219282446105463,0.139047347282505,0.331931632411341,0.110521453493551,0.393632705111626,0.107850363355144,0.0758162546707298,0.22093235349165,0.360024734481451,0.264603765807829,0.0875315472602239,0.20287732201932,0.066021422332668,0.252038652206048,0.2281800331698,0.073950412072955,0.092254235841318,0.141698671890951,0.103643784077331,0.150797750366371,0.302788401769466,0.289326670754441
"Antidorcas_marsupialis",0.134426331498982,0.0860367001953438,0.0257853035960365,0.441038917584651,0.452245578263744,0.113485718368618,0,0.288285056899653,0.107038874042531,0.182521137040291,0.224028712689502,0.349227213184899,0.403885582754597,0.221276514280304,0.248740865364974,0.506215989046632,0.260246335871181,0.387800417236304,0.108478403730449,0.305884014427272,0.36194184105853,0.361797618227755,0.168860450797525,0.267269119367003,0.441863364937627,0.139195628788022,0.33843616837527,0.499582948739394,0.421814676402096,0.4325553704877,0.45196977705136,0.435266451629035,0.126603937127489,0.291821770752481,0.385282329001542,0.250076434641916,0.230360470693888,0.395718626535052,0.152526126738271,0.297186482158488,0.261721279270948,0.165303876067107,0.434703337373063,0.350283563244222,0.206580103626005,0.106453841095638,0.422120297182637,0.115611362567985,0.109314889499236,0.195296810919805,0.143838957466,0.150909472379572,0.19319489373413,0.171373941621651,0.509850235870387,0.514302507279624,0.135968573398297,0.0962435192791767,0.21406682737173,0.0795263302372803,0.133647066068183,0.1549868486041,0.23230101878577,0.0307397129991501,0.337778291701625,0.232318571332893,0.455789732262553,0.120731459435769,0.154879198045594,0.0752932679192468,0.269253783078131,0.312923368138399,0.140701566460058,0.122027110120104,0.0461683204831424,0.110510971918204,0.08407877501883,0.34118315629145,0.139771993226892,0.152372418295334,0.164050378121521,0.149477239871306,0.309549287364311,0.257672195618344,0.323673334997692,0.207870961925797,0.393781205188042,0.327754348410017,0.259951320258037,0.39585462577616,0.15141418303812,0.072537702087102,0.283624965165973,0.197977879929114,0.297755332564688,0.328550793343616,0.483300806720567,0.108145172214474,0.12608934798148,0.0151542445393425,0.109523290852995,0.0882066097543221,0.543699626505441,0.480551300307119,0.469198369640638,0.299084748632022,0.474219297970705,0.221115661435315,0.219474466436566,0.267567350690914,0.138612653812508,0.117001490949027,0.30046434056983,0.244447937120538,0.133433714699982,0.220492178078583,0.504222608427842,0.390893574229231,0.44426744817327,0.48873889945523,0.0326374363862634,0.225885725732706,0.0332759019723291,0.0325269733471869,0.198250006099432,0.132075502809971,0.172516197621453,0.246654227400783,0.466438085091451,0.535689159451806,0.313060105136373,0.209918125081905,0.403279323737105,0.0984146190552827,0.463283653684272,0.129122532712021,0.122412262346873,0.302589480106612,0.448086530380965,0.316466797763707,0.140829785254521,0.273216734269991,0.0911455261091026,0.341936648741061,0.29120778630411,0.106184404599451,0.140749118078491,0.216551917380779,0.0294359755301924,0.216603293805832,0.366025255225059,0.355601394460105
"Antilocapra_americana",0.237087158281968,0.257580894737039,0.289469380449572,0.199592000996367,0.183223554297508,0.241927767266474,0.288285056899653,0,0.281264318889078,0.31905950864127,0.352212961916624,0.132896465294737,0.167095386395046,0.313066804790522,0.347276824447383,0.272939991614749,0.38246632967456,0.154790373957806,0.276555515912975,0.409548568637389,0.181116834841029,0.136998052499096,0.227111760371638,0.140458350601404,0.217860580216589,0.22829922449714,0.137814995128794,0.258680609287749,0.201278176741953,0.166625024572605,0.226105809959213,0.275864627774072,0.274232335560383,0.39317997751061,0.506448927168202,0.364495884595752,0.325302910863517,0.338014209360827,0.34421535653243,0.402413604653255,0.358389817314077,0.214215213344279,0.219411640205225,0.195659579738953,0.161204199139711,0.214107661376511,0.211169274044213,0.228477060505584,0.256884052260946,0.167277731419681,0.239748681199136,0.231550221205561,0.262901450727054,0.209348259393846,0.278377955468426,0.288014977386558,0.190577141089405,0.335497478798343,0.201247334372662,0.263480027177132,0.246636714549643,0.241500845635324,0.106515395639718,0.275957640315023,0.185587096767736,0.224642090865416,0.259688519503632,0.239136118002192,0.34677423653984,0.290709483147561,0.35438313074285,0.39849609865263,0.278743739838782,0.339018112765877,0.273433461234081,0.323168511616368,0.314380272803077,0.170447315252103,0.280367951729936,0.283650474948246,0.229693169723639,0.289645457143483,0.421005757853755,0.353431865470205,0.448540927967801,0.347076462587317,0.361588736656246,0.27883121835715,0.331050174920804,0.153583465927261,0.28394975561914,0.23787075220309,0.389551889970556,0.286432723462271,0.0724278700925316,0.145232249883567,0.241751964209733,0.209514032922068,0.301602048155805,0.294577355771533,0.257467192071436,0.29219861898664,0.310809637022505,0.242169079083938,0.243814484920643,0.115165562051814,0.216989530828913,0.282129859267587,0.293613263733431,0.183121533728777,0.274244541670616,0.275279519372887,0.366121912552338,0.330031537716913,0.242629564217134,0.366541763270851,0.265263699405961,0.17443319727473,0.26849504809434,0.251112202563982,0.258756960647024,0.351381509327473,0.273089795144447,0.267250755026999,0.191215229346112,0.354163877566379,0.317541522932473,0.375714129860682,0.24792976074913,0.285525813464177,0.290462510738595,0.313039514365143,0.499159669000607,0.275367414841004,0.217824109802016,0.307013164168675,0.273221541152043,0.404342470960327,0.310075271912396,0.34966620859399,0.216596762497545,0.380203903197614,0.280445390176851,0.341085932684808,0.404376428148237,0.210556675197865,0.288907045994943,0.316854073128166,0.280194479714107,0.347031849313624,0.475098617636448,0.208936541112087
"Antilope_cervicapra",0.116819083139716,0.0930172562539782,0.103990780637976,0.407343522954693,0.421172818228418,0.118699588996,0.107038874042531,0.281264318889078,0,0.114627448456543,0.170265906414814,0.306709752574526,0.37470279772437,0.17691740850534,0.185465525848678,0.494806302870321,0.205801356756753,0.357097949521401,0.0439737802380787,0.257305238760127,0.281825820830354,0.358651433263351,0.191981724884064,0.258492932754534,0.412658863062845,0.150377153683888,0.285986394137583,0.494994301482084,0.383287024006945,0.403699047749579,0.375840324992586,0.37865788727241,0.101497174872255,0.238064373083785,0.331657768240893,0.197646957037443,0.177529348069031,0.333938957061241,0.121735304632618,0.243626310975724,0.205414185172359,0.139235291381382,0.395067197463934,0.275370822594995,0.18203076848233,0.113256796012319,0.388761596314856,0.118203612971699,0.103921539866013,0.170358639269816,0.121597470633611,0.127720421252517,0.183103038670998,0.158744278499237,0.507743320037323,0.507452779468617,0.148935845920207,0.112016593670582,0.190811907300207,0.0901192766892293,0.137851397713557,0.143219506739486,0.246244173135831,0.101144625512086,0.287945539662895,0.201984492722136,0.430368378271006,0.109148780254699,0.111022533761157,0.0898260535693327,0.214796731590332,0.257701176260611,0.110063307517893,0.122754928304141,0.0955425103048793,0.133474616571121,0.101724703950849,0.338320764013503,0.132773427129756,0.132304978474064,0.132761043714694,0.115029823183913,0.251882215964669,0.193366051376312,0.268936163621348,0.156062225187669,0.342624584034039,0.260724463526661,0.193061262800345,0.372846644837145,0.15099158888145,0.108196788493654,0.227244430445527,0.148897140750823,0.281643238582836,0.278557431216056,0.440617610204092,0.125613610297003,0.133307417958824,0.112413009594545,0.142306027652215,0.101485990429144,0.54334913962055,0.474351615558353,0.465854381065854,0.265026216377537,0.456291724589351,0.166537190888509,0.156476946163292,0.225656098586117,0.113134740915007,0.0954307657679862,0.244928893028273,0.195687665065637,0.111215239705062,0.178058358538918,0.494710032366446,0.37306271658055,0.383759964451226,0.455689663499024,0.101843254027653,0.173792855326024,0.0904249774085747,0.084039536492128,0.17061853539272,0.115313328328105,0.10945162634914,0.185879137868432,0.417591192615687,0.528380862184674,0.249506583385214,0.143136558233128,0.348092989382113,0.0240954744718021,0.44938075917207,0.104315336743036,0.0996823363555029,0.238834850280869,0.391487900696363,0.26455715135653,0.128409275336116,0.21191414695576,0.109531527677581,0.295526978462087,0.238624453399669,0.114561770721645,0.107990484791386,0.165184990550069,0.0990883895764803,0.14914736079659,0.309772064451312,0.336628637720523
"Axis_axis",0.122193672185191,0.119898054315133,0.189209929220358,0.395363136550405,0.415401792878152,0.134510025758621,0.182521137040291,0.31905950864127,0.114627448456543,0,0.0677959071590068,0.299783550290866,0.365106466924921,0.120515979024817,0.0760519446857592,0.497474604611773,0.113087074323569,0.351191875827127,0.141578620229583,0.150013846005477,0.251992657331317,0.402430649168191,0.265669793813907,0.30062111222346,0.397991547899365,0.202879637439837,0.294608204185984,0.492697838788895,0.360168030926329,0.390950746743908,0.334285847431001,0.286437097844587,0.107977223135202,0.161620372199642,0.230123663961881,0.120836983517942,0.116732546372696,0.259264363444176,0.129181705406586,0.148700931374109,0.123167044261032,0.135229844975881,0.368653592723797,0.239342018437879,0.187695679833046,0.149733205845748,0.370558867385269,0.139499469106286,0.121766857980319,0.173607884381023,0.119423729451558,0.12183813450184,0.178026514519633,0.206305687633004,0.50612411054912,0.518848432166642,0.172035989975694,0.164954398661305,0.175101705645082,0.188452833721061,0.203844785637466,0.180776887213623,0.296124079338774,0.160498273013274,0.240632065621291,0.168706869490666,0.389934596762256,0.120863147256258,0.11851935009401,0.123637998004117,0.140274363724541,0.177066090915076,0.103968099018565,0.156052946032732,0.145985382534211,0.169713216170275,0.144671146890637,0.327646878519477,0.15257731433365,0.143158595279454,0.123332387553359,0.105971926112283,0.151860959058605,0.11153595480949,0.17538507646366,0.131874929835234,0.260694068251004,0.180583578490463,0.0852648640716949,0.362667424120824,0.15894502589314,0.158072405600046,0.135728272716024,0.100239803394707,0.300132076700218,0.262221943737559,0.423317661603939,0.153709672076011,0.163712748967529,0.194486904640834,0.206201689678563,0.143828961662704,0.536528641485984,0.479858802808313,0.478218107348732,0.275458024964079,0.452452750400326,0.113535362801626,0.0949999497974405,0.212899279623027,0.110715737314145,0.103415950297589,0.168681285925946,0.127183650354605,0.106189487617784,0.132431732113512,0.489205179115111,0.395413376170546,0.32588025905251,0.448849709655193,0.177292748638244,0.110816945755555,0.153766075946029,0.165518741018514,0.163110668372974,0.149031944021607,0.0707884935709423,0.0824260204918328,0.381638932334302,0.517269882426536,0.178177455906798,0.0412504687538011,0.247469465654317,0.103072859198735,0.452372330473587,0.112371341832616,0.101846840261666,0.13635581092429,0.31424593098527,0.214958487391838,0.136221090728135,0.12323636067907,0.144585281077853,0.222493951494517,0.163300059953228,0.162111469805222,0.0981070350312412,0.108395780149103,0.158133801349422,0.0905321347157804,0.203124874547026,0.311646060260468
"Axis_porcinus",0.149735031968601,0.153235862553254,0.231604100119453,0.387630329008203,0.410843598621472,0.164452868409466,0.224028712689502,0.352212961916624,0.170265906414814,0.0677959071590068,0,0.288031046974957,0.363036210901458,0.090419844341395,0.0772531978175954,0.517817132743479,0.0779009028465945,0.351612203248091,0.191142004168821,0.095055673660176,0.26512905848059,0.437599901556571,0.307189724829575,0.337294646826417,0.392786705331321,0.252839062661491,0.312132334800933,0.516383277732498,0.345989094594128,0.394536161621117,0.308894162120715,0.252414768050437,0.126383140345086,0.115391374528275,0.180568969781225,0.0751512252492956,0.102208624008586,0.231485957465105,0.139862936984265,0.104433112990026,0.0897457664527281,0.158241913939324,0.352181320159509,0.240983274123384,0.215704525732524,0.180936967979791,0.356886093353364,0.168562472242641,0.143249513331114,0.199046963988119,0.158194114472081,0.147315305440381,0.204707644014438,0.255832745207701,0.530633093662519,0.544418190946711,0.201696534298298,0.191430217692382,0.190611461722444,0.230160444047672,0.256549423086497,0.224814327063315,0.340911090256626,0.201112379224887,0.243390567475372,0.171028755846588,0.37287759135527,0.150656157712411,0.142386062989526,0.155808994994691,0.105977213787388,0.133281535159424,0.12209714217268,0.184250949433912,0.186097325223331,0.199014284329839,0.174481323235922,0.349709956093183,0.187489306284445,0.17145618410102,0.151062721793947,0.127125791003734,0.114373332005561,0.0734507545854486,0.133028706611247,0.138039615707806,0.216751829342371,0.165749561738946,0.0716051452215434,0.366594291914539,0.192544821659003,0.196022446388957,0.0942333809007043,0.107780436997227,0.326547093886882,0.252800188876571,0.412563650896863,0.187358158565948,0.200444384229429,0.236722299254127,0.247065718118299,0.166237505845655,0.55576059647245,0.50502291512349,0.506122632712889,0.273604257456068,0.466669217407956,0.10626129548429,0.0831858171802956,0.224260699778859,0.126084195936743,0.130882693794763,0.128415283755828,0.0998029250834616,0.132550047041235,0.109746681644459,0.511596560236126,0.431794505695698,0.30310969761749,0.45102012318593,0.222806625639267,0.0934748978886423,0.194248189376804,0.210531136376604,0.182438714005378,0.167007903363252,0.10269293355829,0.0336931895417084,0.367454675322331,0.533498741709744,0.146897412192264,0.0593334808805455,0.195237123850614,0.156265108990224,0.468436090811216,0.125249053662726,0.128712396367749,0.10130289810447,0.291512643202911,0.187377115033505,0.165698059578778,0.0818673157548335,0.163142004385927,0.194610150688176,0.118355220814246,0.192793795617361,0.111975670240641,0.0905575735342361,0.199818170595588,0.0684437142699685,0.157263060026464,0.329053381846112
"Bison_bison",0.261593311580153,0.28875677859779,0.356719672957328,0.174881546492335,0.166047160527328,0.297502932072224,0.349227213184899,0.132896465294737,0.306709752574526,0.299783550290866,0.288031046974957,0,0.143671298639196,0.249971448926113,0.309407379163072,0.324370864833165,0.317994128117307,0.154752846803747,0.305995424314841,0.319798180303932,0.158589111274136,0.224473024863055,0.295685199137139,0.199966244171208,0.212497643784989,0.283018665946589,0.147035413042944,0.312896744254257,0.156261985666865,0.176316568568175,0.144378203659701,0.224413583569332,0.285937785870119,0.291333064907266,0.401385863419444,0.286150254696368,0.270913571816677,0.263421190030439,0.342445981146341,0.314555035518435,0.291853449162062,0.221537802962568,0.163164486736391,0.13131525042917,0.181137321866123,0.258922602386957,0.164725001935813,0.255175007413169,0.280501924544171,0.182277013147413,0.266614409781712,0.247328027708571,0.307540068380895,0.263656489571564,0.334847114096085,0.350442744121055,0.258360988327784,0.370522286570254,0.234075288403931,0.303762157183272,0.299997362947995,0.280587564268942,0.170596694515185,0.334856469604974,0.157190220778744,0.212557003305147,0.21647384376338,0.264078754131056,0.340958163371845,0.316901536190369,0.284102063615599,0.306805601922144,0.283806249261453,0.365950225185849,0.327878102713499,0.368545995193209,0.350775607406916,0.22758154346297,0.323950431433422,0.317828168675899,0.241190590353424,0.288875351250193,0.318991876212216,0.267538835883434,0.346942028718821,0.323273084013777,0.284930944762014,0.214836872182161,0.280322506223099,0.167168067364147,0.329016664512046,0.279710926814234,0.303157845243878,0.256088006003248,0.137710810644081,0.0589597289576428,0.201405707613177,0.267028649089076,0.354209545767818,0.356571240292555,0.303166935861421,0.319679359513068,0.364736750663349,0.301736668823614,0.309522848898472,0.0732570229322888,0.250587693764507,0.231223816978338,0.241600836566772,0.193812355083524,0.281831272610431,0.291482983865798,0.281284647443621,0.263461189532561,0.260757292109268,0.31364828718157,0.310729562157648,0.247127571216824,0.226208816465847,0.254407464558527,0.321951448616574,0.299593732996845,0.323177731023021,0.324650723348229,0.209161397795777,0.36889805756785,0.300519687004482,0.298990037250556,0.179030710865807,0.327891136793401,0.192053236149141,0.274085028266819,0.387966662455555,0.296631083506733,0.256494657216109,0.312186688871932,0.291302282514113,0.33803139241887,0.216183956567496,0.24947622430847,0.24606601176331,0.286612961966544,0.333248573482473,0.261286672222428,0.297377337090233,0.270226082881685,0.288142975410077,0.263245860434227,0.331265308560223,0.289321438115429,0.37093820940261,0.255186152582843
"Bison_bonasus",0.33003523219901,0.352806363050188,0.410145887891423,0.0623827297041187,0.0845127605161076,0.350876054217341,0.403885582754597,0.167095386395046,0.37470279772437,0.365106466924921,0.363036210901458,0.143671298639196,0,0.302343303197114,0.371856973583629,0.220246913929762,0.382474582901943,0.0721010917501684,0.37555092761302,0.382700087951331,0.156969218647296,0.201986325401619,0.351647296334146,0.260116635883824,0.135300483926184,0.331600788203217,0.123199913002279,0.201041954885664,0.0800144950595802,0.0673486561836585,0.154959059495601,0.216623004431373,0.35096329277098,0.376872360358734,0.480818963165645,0.360265312349191,0.351469038952837,0.276843616891859,0.420773418865748,0.399444184834278,0.350038590387262,0.288338026677269,0.0977158341370514,0.155137388304829,0.239411076640646,0.319140819239028,0.0792177454376442,0.319813169450893,0.348361998206913,0.244706914941934,0.3344618866855,0.317862164327408,0.363043514891865,0.305905881907476,0.232145141366573,0.240222209295078,0.306464313474013,0.433395461841841,0.25946583898453,0.373647712883779,0.346401939438916,0.330150874375775,0.238799304869957,0.389846619699296,0.165049818339455,0.27077248371167,0.155761991042275,0.331331856146297,0.406202569744253,0.380496780185065,0.358398185836903,0.382776297025713,0.355307477380397,0.433300663061627,0.385950511124125,0.425331208749041,0.414011223912147,0.1801810230895,0.385975196179728,0.384675013596168,0.312043771883076,0.361690972623775,0.404511209585199,0.354807107824345,0.438192288737745,0.35362952527737,0.293150802268977,0.234902528124772,0.337733852691228,0.0640938103916959,0.387057577792031,0.341240758767039,0.376043934303045,0.332831615463474,0.159295631568954,0.136678474775837,0.135181374328362,0.317724477875085,0.414754514992459,0.410816298607761,0.352242011866811,0.389158826802536,0.247869728849012,0.198705975454097,0.212947968093959,0.157336151731542,0.164479209162355,0.29706289796203,0.318146698375839,0.212711340706366,0.352937476939742,0.361072914313214,0.366245173355671,0.338573256912676,0.325048493555443,0.397514557221502,0.214667757245082,0.16302855677319,0.200999695445206,0.169067868005404,0.377788447438472,0.36909984440052,0.377228372396253,0.380487722170127,0.266993208234776,0.444432647969161,0.377370651387311,0.384858269956142,0.135424660012359,0.208721310058536,0.264730858461568,0.343010218320209,0.441989252418715,0.365032249629067,0.171718188211601,0.387633535393746,0.358496380597181,0.392926003190929,0.228172631796904,0.346678177082014,0.312305432789289,0.3739706718607,0.388739937654282,0.2908906381879,0.38987252090709,0.326818138881784,0.361715323324153,0.338863376298872,0.387773916986431,0.372650242586785,0.428240739480497,0.231491693473174
