"","Aepyceros_melampus","Alcelaphus_buselaphus","Alcelaphus_caama","Alces_alces","Alces_americanus","Ammotragus_lervia","Antidorcas_marsupialis","Antilocapra_americana","Antilope_cervicapra","Axis_axis","Axis_porcinus","Bison_bison","Bison_bonasus","Blastocerus_dichotomus","Bos_frontalis_gaurus","Bos_grunniens_mutus","Bos_javanicus","Bos_taurus_primigenius","Boselaphus_tragocamelus","Bubalus_bubalis_arnee","Budorcas_taxicolor","Camelus_bactrianus","Camelus_dromedarius","Capra_hircus_aegagrus","Capra_ibex","Capra_nubiana","Capra_pyrenaica","Capra_sibirica","Capreolus_capreolus","Capreolus_pygargus","Capricornis_crispus","Capricornis_swinhoei","Catagonus_wagneri","Cephalophus_dorsalis","Cephalophus_jentinki","Cephalophus_natalensis","Cephalophus_niger","Cephalophus_nigrifrons","Cephalophus_rufilatus","Cephalophus_silvicultor","Cephalophus_zebra","Ceratotherium_simum","Cervus_elaphus","Cervus_nippon","Connochaetes_gnou","Connochaetes_taurinus","Dama_dama","Damaliscus_korrigum","Damaliscus_lunatus","Damaliscus_pygargus","Diceros_bicornis","Equus_burchellii","Equus_grevyi","Equus_hemionus","Equus_kiang","Equus_przewalskii","Equus_zebra","Eudorcas_rufifrons","Eudorcas_thomsonii","Gazella_bennettii","Gazella_dorcas","Gazella_gazella","Gazella_subgutturosa","Giraffa_camelopardalis","Hemitragus_jemlahicus","Hippocamelus_antisensis","Hippocamelus_bisulcus","Hippopotamus_amphibius","Hippotragus_equinus","Hippotragus_niger","Hyemoschus_aquaticus","Hylochoerus_meinertzhageni","Kobus_ellipsiprymnus","Kobus_kob","Kobus_leche","Kobus_megaceros","Kobus_vardonii","Lama_glama_guanicoe","Litocranius_walleri","Madoqua_guentheri","Madoqua_kirkii","Madoqua_saltiana","Mazama_americana","Mazama_gouazoubira","Mazama_nana","Mazama_pandora","Mazama_rufina","Mazama_temama","Muntiacus_muntjak","Muntiacus_reevesi","Nanger_granti","Nanger_soemmerringii","Neotragus_batesi","Neotragus_pygmaeus","Odocoileus_hemionus","Odocoileus_virginianus","Oreamnos_americanus","Oreotragus_oreotragus","Oryx_beisa","Oryx_gazella","Oryx_leucoryx","Ourebia_ourebi","Ovibos_moschatus","Ovis_ammon","Ovis_aries_orientalis","Ovis_canadensis","Ovis_dalli","Ozotoceros_bezoarticus","Pecari_tajacu","Pelea_capreolus","Phacochoerus_aethiopicus","Phacochoerus_africanus","Philantomba_maxwellii","Philantomba_monticola","Potamochoerus_larvatus","Potamochoerus_porcus","Procapra_picticaudata","Pseudois_nayaur","Pudu_puda","Rangifer_tarandus","Raphicerus_campestris","Raphicerus_melanotis","Raphicerus_sharpei","Redunca_arundinum","Redunca_fulvorufula","Redunca_redunca","Rhinoceros_unicornis","Rucervus_duvaucelii","Rupicapra_pyrenaica","Rupicapra_rupicapra","Rusa_timorensis","Rusa_unicolor","Sus_barbatus","Sus_cebifrons","Sus_scrofa","Sylvicapra_grimmia","Syncerus_caffer","Tapirus_bairdii","Tapirus_pinchaque","Tapirus_terrestris","Taurotragus_oryx","Tayassu_pecari","Tragelaphus_angasii","Tragelaphus_buxtoni","Tragelaphus_eurycerus","Tragelaphus_imberbis","Tragelaphus_scriptus","Tragelaphus_spekii","Tragelaphus_strepsiceros","Tragulus_kanchil","Tragulus_napu","Vicugna_vicugna"
"Aepyceros_melampus",0,0.0754606050476868,0.095619621508738,0.366451606080219,0.350471550330582,0.182109110009822,0.0873429042253918,0.237280346726491,0.1397961915711,0.123029836636513,0.1748902775313,0.34363378905749,0.30808239837158,0.134550740080803,0.12645830296094,0.341906653611791,0.141924530507433,0.300376348460604,0.15270191813082,0.173744810761948,0.237587831024773,0.308223901569505,0.163790584046934,0.215306355800356,0.28403769642161,0.178427043468319,0.206445761465345,0.38199998571297,0.303588848310041,0.315838489821087,0.337105424405418,0.325319913426998,0.0856074883261775,0.270999729565044,0.279572744401082,0.0920665625614488,0.232294703989177,0.222339383755783,0.138115249024564,0.229403029195866,0.279504107115271,0.0555377501078371,0.3485502548794,0.297206832121018,0.112284355073392,0.0255468325674784,0.297460818638544,0.107916718853195,0.0381537025917929,0.0974021404385144,0.0230315315310959,0.0271170846315641,0.0715437868065243,0.168879886335881,0.361647348425252,0.352762194894183,0.11002594472352,0.137730940612067,0.0801301363971951,0.153484754460472,0.174058797955792,0.168106445001081,0.238013174033197,0.0643988149094459,0.275376225282291,0.204482625790019,0.332768126385399,0.0257267221486785,0.131932702173804,0.0542990219451306,0.264488125527593,0.209704558861695,0.0530819691665136,0.142246476636162,0.0801507407349907,0.139601584207703,0.063747581486545,0.264868915789326,0.0933459496905252,0.0778330131925325,0.0292888606421856,0.0832405346063734,0.157754857851105,0.157592096258514,0.176465396092298,0.118075368612496,0.286878326446261,0.167928844493608,0.134433958599917,0.279824674471299,0.095138875504904,0.0978360207131922,0.194823549057616,0.26141272580195,0.204165488027966,0.19872273641817,0.364702982206312,0.0691324290856161,0.106546951212638,0.089281592590788,0.190654612325239,0.137053258413068,0.477584338224725,0.351492655753433,0.251791790684381,0.206302533473599,0.406496225258424,0.0933900216428957,0.0971773692382052,0.138468674150877,0.0526507962914307,0.0789843254469663,0.26789096667831,0.103284247648279,0.0613156665668595,0.239083079619768,0.350069023384824,0.344799752463305,0.305987765589835,0.422465430681864,0.0704721042941445,0.146873658109816,0.0565359300885717,0.0484885658155169,0.061658994910248,0.143295576273535,0.170977285630598,0.15597305161234,0.372777742068282,0.394880786889069,0.164301297581674,0.113750056132441,0.284413709285635,0.219081814074718,0.242316690498528,0.118724155143295,0.0720434665145025,0.176016970006552,0.340950939048569,0.169946993719082,0.0211274618758615,0.177065484627297,0.0625296284450877,0.208434868235343,0.271489496954548,0.0755690479160199,0.0755329868986226,0.122198599489485,0.0521329126102821,0.197726975696825,0.272337971350099,0.246479242348805
"Alcelaphus_buselaphus",0.0754606050476868,0,0.119167264778217,0.417253067824362,0.402639142016385,0.228410988365104,0.123323408437824,0.290630196352692,0.110568779547721,0.10183142692683,0.173622587218641,0.395753914910373,0.362817153047771,0.151839620818498,0.118483976661032,0.392128603795614,0.119309627656219,0.354550768942891,0.123997538711398,0.157449121724842,0.284317352264242,0.354981216821789,0.162378031810122,0.223312421519295,0.331276025349513,0.189423943766731,0.267519697423464,0.439572235672001,0.352155965109762,0.361713119534383,0.375562773963395,0.361189537619462,0.0926499238201359,0.244815701292384,0.25359704142711,0.128189227559916,0.204024595225988,0.262404174837474,0.0654482245041321,0.208532458788903,0.253733871175326,0.116305678261112,0.393077378369544,0.331688790098094,0.183147389894114,0.0839339579208837,0.347277732287304,0.0382277469611475,0.053786453701981,0.161661680846924,0.0861767308826028,0.0952036841743088,0.114634828570538,0.187015225078026,0.418953209626569,0.403072725329489,0.165402070230071,0.0810980859858617,0.135176570633599,0.131460284152684,0.184829526024371,0.174711911124924,0.270028951232847,0.0638736740580048,0.312870027700198,0.255629441614276,0.37705859232661,0.0678830101706854,0.0629279012385766,0.0746083032617335,0.236686064430523,0.201329093943653,0.0275834249187718,0.069393932646493,0.0960027400621579,0.0765123291502942,0.0564264479591202,0.319084186915673,0.0854261769841946,0.0998632482533179,0.0838065090484087,0.0580782083851919,0.175541794287248,0.146467566002914,0.201623659663181,0.101163902728266,0.323022474481791,0.152064623815506,0.157104932021437,0.33507034961906,0.090539554082808,0.0738543878279618,0.17442620265617,0.235364059552842,0.238825980161173,0.249849762709254,0.405959608382613,0.12795659986492,0.0892311044774113,0.122840918393945,0.171604436851911,0.0620692781241351,0.534776782783129,0.39912798752598,0.302763796863096,0.254338472292556,0.466553540181999,0.14340601764901,0.102967458079968,0.192586406972186,0.0444087331978559,0.0112777943025102,0.241328261419653,0.138748614602061,0.124946110200386,0.209662702107775,0.402784537863373,0.397629409037946,0.335581423518704,0.470399233843978,0.10823023539959,0.181803720327998,0.076318944617651,0.103265063725724,0.128399388045195,0.0704430322838663,0.174167716659269,0.147727411264931,0.420782272356437,0.441961287126482,0.202415937314347,0.109836481494531,0.267333438038698,0.203139981355399,0.298266016261784,0.044735715965602,0.0180189803048956,0.1599316801198,0.379111593024133,0.196110924881065,0.085904739063562,0.158930746952827,0.102809204427614,0.259582518939339,0.244811614555993,0.0727755932374157,0.0184187526192257,0.0958808577365916,0.0933539322658368,0.181513105649527,0.257342133589796,0.289644155175601
"Alcelaphus_caama",0.095619621508738,0.119167264778217,0,0.396551251235778,0.373187289119986,0.203106755807584,0.0446696573352778,0.22980401870818,0.121136581340046,0.154285547266272,0.199773491526856,0.348042448820779,0.328228821308775,0.164562924199826,0.181623884613388,0.358019012282454,0.215786907200951,0.315844855603543,0.134449060952812,0.239854361895517,0.279834223467098,0.292690554080495,0.117097256216065,0.188586042863931,0.322385617280094,0.152526032893885,0.229527903010399,0.390718312460557,0.33469077121,0.347518056564753,0.374415217775245,0.390761476318645,0.101449321937456,0.34278195573857,0.351454379588312,0.160812482954956,0.303786677507224,0.30430650777413,0.165867101070657,0.305308382355085,0.35141745034825,0.104280351502838,0.38770907816781,0.330937762178452,0.137679449594507,0.0758511726668658,0.330483123017072,0.151269689067912,0.11465332289949,0.137258892693583,0.0935418942718886,0.113713547799729,0.135887536483035,0.150467281248517,0.37390808627683,0.348529857099688,0.101388044685306,0.149468265565539,0.166826629295332,0.114658921884732,0.148963769201152,0.150502112490095,0.208070316774976,0.0905258724631044,0.322370459018972,0.254773071951119,0.377858194512545,0.0927588941757675,0.156996712319751,0.0726448528461602,0.335911528332533,0.290300792563266,0.117673054113233,0.166667770094853,0.0550996998202963,0.171346758847104,0.0874699392156162,0.297276285566289,0.117440682492609,0.129456683035902,0.108585651271518,0.103840024432922,0.209481354399679,0.231870769638896,0.205406747649585,0.185583692082719,0.372735170559559,0.245568585110897,0.199666238865833,0.313532731467253,0.124443622550385,0.120498345616387,0.278306070799127,0.33330780374851,0.218450693568242,0.23231886297992,0.393882288869291,0.107305283942335,0.119533255401927,0.0415870612693787,0.151021239433508,0.161026798942257,0.497047276533213,0.345578670565988,0.246850521235699,0.201735879780052,0.42367079519131,0.119685328263541,0.158042818792477,0.16985795379619,0.127196533490096,0.121975620725618,0.339581840110516,0.193869344352009,0.141163424325134,0.310303671300045,0.360753923323785,0.353322283513616,0.35270195814355,0.469768636317748,0.0514468041245198,0.184102692563645,0.0732820524722907,0.098828066213623,0.127103848389258,0.165649856580507,0.193590250375185,0.158672209409004,0.426050136261186,0.440769781241933,0.22527836167593,0.159799029308282,0.370011819038145,0.300436503626707,0.263457957507141,0.151837241837002,0.129474303824204,0.254293917895429,0.423210479156049,0.201395963464295,0.111993148799257,0.255428446440597,0.10674183304549,0.285752676572581,0.343166471123128,0.119129359383728,0.133581425723064,0.199248465529935,0.0591094264184785,0.281607906950526,0.353901149155287,0.300158032060133
"Alces_alces",0.366451606080219,0.417253067824362,0.396551251235778,0,0.0973199513408148,0.256247913447769,0.368720454933833,0.221182613969267,0.426827212951882,0.406015041505486,0.401576713857198,0.166334512140349,0.079868387192659,0.306211789234071,0.400899052241997,0.172987967839493,0.409023234269919,0.101704549858428,0.424927544413494,0.401568267936911,0.213632210138588,0.238218402738597,0.385444690253263,0.31882968586418,0.161067870835789,0.359479733634465,0.213608783965808,0.209011127379853,0.079533612842546,0.175959309724384,0.159581684877713,0.316534079551424,0.387781080235603,0.483033375484736,0.490814001995388,0.326185283571957,0.458197926920986,0.299673156293939,0.472365278276475,0.452406130385491,0.490505494081693,0.334352708831415,0.103548335446279,0.187302650829597,0.272875985516854,0.363036174282521,0.0827334767614798,0.445567115584671,0.379817301448381,0.275379534261441,0.368587568758984,0.358184478650983,0.40425432644347,0.339787885477044,0.195978143654801,0.198253325123893,0.329969936498544,0.466708618024345,0.349618890696153,0.420112507520103,0.36778026549186,0.343658682496305,0.290392215345858,0.425262089302692,0.165962909099997,0.248885261631249,0.131705937240373,0.371163415459811,0.467454120788435,0.375452187952799,0.481072197726787,0.429316798841852,0.398107759656096,0.478292610012724,0.384883189029087,0.476379676232287,0.403012637221499,0.156485342482348,0.452603735947607,0.427143219422579,0.377826971563802,0.434849321388288,0.360968750060897,0.401100903564117,0.353993103369137,0.3841705840373,0.320373162190908,0.402104471045456,0.36439375850046,0.118672453397222,0.453224351316517,0.451424300296652,0.422361252580728,0.475774083993054,0.219374557949039,0.203244408014105,0.108266488897855,0.313415555906866,0.467755238557686,0.373248053623169,0.417980972911538,0.46834776159379,0.221819540696862,0.203618539045456,0.242475350753331,0.254036036312148,0.163430337194448,0.306956056765472,0.36632333118794,0.263377850617124,0.396539940511028,0.422113709504137,0.480655347901877,0.339256666754865,0.315083961342818,0.459684551620667,0.176006530118652,0.181969859604924,0.181471596770934,0.119377752630723,0.35833666243374,0.262019857996302,0.378613483305512,0.344611884639539,0.309702080423436,0.476949254608798,0.395218163150311,0.416165689401803,0.118886859946046,0.137917555383191,0.279217478453594,0.385003920676489,0.454419940945336,0.418422486049343,0.156617965669189,0.452134331147563,0.413356132939678,0.419672479392004,0.27541220386786,0.347611406169243,0.352749717723369,0.415587899548707,0.350183504255052,0.278759635773289,0.484459013926011,0.436523120060011,0.410246939481594,0.400819811795335,0.359100794720073,0.411508977918741,0.462826580928019,0.241445751278233
"Alces_americanus",0.350471550330582,0.402639142016385,0.373187289119986,0.0973199513408148,0,0.235066410682007,0.348844574297343,0.165391815199332,0.404206572006603,0.398735572555706,0.403622307527917,0.0842254228645882,0.0974400497345363,0.291819519763295,0.394804737958509,0.130917834188342,0.413978001841723,0.109807751370918,0.395686589949467,0.416285270897449,0.211410953416182,0.163668917854341,0.349080085575354,0.27026409750842,0.166815463026984,0.332802628386516,0.19768904917884,0.161030368088883,0.115177155490152,0.142657207267558,0.168890729141661,0.351167853335897,0.368818115370562,0.506706134848328,0.514658813619938,0.32593640765256,0.475871323822384,0.301938530329781,0.457751352468498,0.469848389016325,0.514429026213579,0.318372653081778,0.15192659560652,0.196386063966031,0.25439453074281,0.34703141323714,0.121621147158259,0.430953189776694,0.365437137116472,0.258763164858497,0.353605548903267,0.342204422901346,0.388274270693834,0.320598991424094,0.154980315296226,0.136029876018973,0.30035670081865,0.449275055813891,0.334727689420271,0.38914307680206,0.343629884068954,0.325543018630294,0.227653055094296,0.407558966885132,0.170179115200917,0.234858825660355,0.15224529120605,0.355183359710174,0.451842159086539,0.359984149142134,0.503385842384745,0.441697478622105,0.382713138430792,0.463678684204747,0.368832406979395,0.46176575042431,0.388703362317533,0.154510056943623,0.434965651137931,0.40785480131154,0.362844951708085,0.416184031562187,0.360502590904151,0.403226875505258,0.344123049554541,0.383014464633552,0.345886003852626,0.406631730421783,0.362488767083445,0.14599251653205,0.435001709960111,0.434554268395785,0.436241799761807,0.498995359887825,0.184472833280366,0.171323675946364,0.100293168390075,0.2930520167943,0.448971252417528,0.353372172986679,0.394790730227678,0.453733835785813,0.227231408912883,0.138654129307702,0.179213132586249,0.209834660767812,0.136299854018236,0.286369040602634,0.352546755156735,0.23358222180655,0.380927978809131,0.406501747802241,0.50402867730176,0.33021907943235,0.305258397596566,0.480492518922963,0.144212119813177,0.144706672298427,0.175618621696817,0.171893005641883,0.338482985382095,0.250277128076674,0.361251142993088,0.328631828889903,0.292961803893379,0.462335328800821,0.391265318743183,0.407649543948512,0.157193244775136,0.181053927411271,0.286642274396849,0.373936931609871,0.48226736907933,0.428486484039211,0.149029932818135,0.437056813650406,0.398742207131701,0.417794208083792,0.308088938822492,0.340547887713528,0.336769661973732,0.418454717500124,0.335651855476758,0.269892863382793,0.508079030959025,0.419838861143956,0.394634977779697,0.396742306298869,0.342308772245672,0.423243354124452,0.484662810780565,0.229969025932813
"Ammotragus_lervia",0.182109110009822,0.228410988365104,0.203106755807584,0.256247913447769,0.235066410682007,0,0.181556693443391,0.146213583239384,0.207620794452999,0.221551250466795,0.264226805828559,0.22086683281315,0.205359953467518,0.210689166021319,0.239084042388342,0.265278354023114,0.266770559530383,0.200619409342597,0.210641368556769,0.288103208182522,0.174058747760787,0.213718689145452,0.165206139976951,0.102766411582064,0.161391274674617,0.118217487659386,0.0505479473812061,0.263144510825031,0.195006059416924,0.241078860716899,0.24938291825199,0.283994000042177,0.198360538121473,0.393066528670044,0.401479791006314,0.190239176691656,0.359189998516003,0.244509063912269,0.280932636966301,0.353032373503532,0.401230841808225,0.169550004757709,0.248135570752117,0.216448789472865,0.126472340078225,0.177440114420161,0.194981218058653,0.252618292908023,0.202676202036012,0.119906347842121,0.18586876440787,0.180308017401583,0.21809529602188,0.102266583493654,0.263779302408981,0.267336439128454,0.12464042160094,0.276970506375269,0.196338189251719,0.222728714080592,0.132626306544096,0.123933800740281,0.145056816892037,0.216174517333618,0.20961836813244,0.220910497755063,0.243922083463421,0.18781991106679,0.26929245129684,0.206966601379246,0.388665360262147,0.327392946876616,0.210265146683975,0.281087234725303,0.208608278074699,0.278031555513336,0.220789947279833,0.159511835574038,0.243114895645364,0.220385537668223,0.193957999444918,0.213964362570435,0.275822733082783,0.283854328997126,0.275229549921705,0.223864295288724,0.297794927715297,0.285134106729706,0.230205750976019,0.182187661383133,0.23812437183531,0.232278476069497,0.312084737814313,0.384822336896279,0.105798262866648,0.140351818298907,0.252992450951742,0.132989003322272,0.245514964272771,0.186243799097271,0.202860561850915,0.280490892947435,0.372708105249914,0.247089539263423,0.123600643768829,0.0997891426064446,0.279342295410756,0.170926381410773,0.207577413178432,0.0730818019328484,0.210145295916426,0.230372623179095,0.390209676788681,0.219892916729117,0.153568643612863,0.364442465601511,0.272731769889608,0.249176944416744,0.217974606798808,0.319265358717542,0.174141173850104,0.0956242035417828,0.199554764838615,0.180923558287025,0.149898855368001,0.285200681445274,0.250334176949133,0.249605665266278,0.275573549619293,0.289323536824743,0.187433721151293,0.213234769665851,0.387229353024227,0.312742582833837,0.112988719316116,0.262895653299678,0.225160741198714,0.295784575814284,0.313767662563001,0.270437223803434,0.177119486050422,0.301264847563991,0.184611835735534,0.214403293677479,0.393995748346277,0.232379402823895,0.223140457783727,0.251518417449604,0.180246351776703,0.308118770618096,0.37895743338025,0.253620796366557
"Antidorcas_marsupialis",0.0873429042253918,0.123323408437824,0.0446696573352778,0.368720454933833,0.348844574297343,0.181556693443391,0,0.202476806101145,0.135007343091014,0.159936151614036,0.192623037701887,0.320339818845473,0.303452222113348,0.158430705636075,0.190172911518152,0.328450841843989,0.221742428997792,0.288066936281011,0.144493160825477,0.226588459333875,0.254365104454784,0.264338810867077,0.108995227909237,0.18050520289041,0.294225927422879,0.128625240330916,0.209079945104323,0.361592974629051,0.307311514737467,0.323461545762292,0.351030471363588,0.356157706275517,0.109572094516358,0.349025277917824,0.357598292753862,0.156626362246102,0.310320252341958,0.287172546693702,0.167576080795978,0.308077572493589,0.357529655468052,0.0869790815269778,0.35805397931427,0.313573863878392,0.11906349166205,0.0698142838741016,0.301980331246173,0.153338237702415,0.107049336941121,0.11191907686373,0.0866641056722143,0.103384136782612,0.132185553537185,0.126101008040527,0.342329490747236,0.320405462152258,0.0708986355495261,0.155471873337279,0.154942600402544,0.120010597171129,0.13276224502241,0.143286564099854,0.187940430047609,0.0942873540282153,0.292534900385895,0.223952631397711,0.344993532072825,0.0889478715673819,0.168392161853942,0.0661224021974742,0.342513673880374,0.289938273364618,0.119774551168504,0.169928476332272,0.0618997551998002,0.182226785870507,0.0948901473991653,0.260767034205616,0.120902490210706,0.1295344932112,0.102818378522311,0.110918544267222,0.197329436188669,0.239427098845909,0.189437965271022,0.191032995876346,0.343281015326551,0.25090724537998,0.196023967284201,0.291908331066401,0.128212619451602,0.132443137392929,0.278403635642069,0.339438274154731,0.197993124062828,0.210249655757712,0.368632230086206,0.0792061507277907,0.129019019878146,0.00900073631415713,0.141451726351006,0.165948413676853,0.463371058989265,0.314117378841977,0.223014934779788,0.175422901938186,0.393271534711732,0.0969309550131152,0.158623137683088,0.145687326382332,0.129566528756703,0.127103900647857,0.34591651503109,0.18987907246791,0.121820789430094,0.317108627972549,0.331185752885321,0.321949967545272,0.324809873367946,0.440113537464208,0.031050210262733,0.153191284914976,0.0685190071705472,0.0793609312691576,0.101549439417448,0.167624644150743,0.194321099092172,0.169786439762702,0.398592154726059,0.40980766113676,0.202495011875328,0.164388583310713,0.366537667905715,0.30315139668654,0.237526095210367,0.158211378753618,0.135108152437753,0.260456662368082,0.389339197345407,0.184342703816433,0.0967915187500544,0.261089791042537,0.0942217501622746,0.267321118484495,0.349515045307328,0.125310936534818,0.135458982712859,0.198461104792956,0.0430951943211749,0.282474615914074,0.358081315240826,0.269150419255903
"Antilocapra_americana",0.237280346726491,0.290630196352692,0.22980401870818,0.221182613969267,0.165391815199332,0.146213583239384,0.202476806101145,0,0.27344589268171,0.302065098620833,0.322613277752583,0.129456768816447,0.157057430497181,0.263426111842294,0.329070635512157,0.191099228578136,0.35318541718644,0.151997007752139,0.269072982212627,0.363099281192787,0.186984525443826,0.117703824372804,0.217868068015915,0.16978244735256,0.190515174032589,0.217641165005054,0.143168195609127,0.195512045888637,0.18224376071279,0.175800220445243,0.209187163410441,0.353089068405096,0.253123438136692,0.483862535388308,0.492393739135386,0.262685956196097,0.447630774483637,0.324717254896964,0.345293592032066,0.442117808875987,0.492277291624728,0.216252561234755,0.239999480805598,0.217220325055601,0.148402422898367,0.225954508996462,0.186395391775805,0.316037839324494,0.263204191357136,0.156716468799761,0.235368747717251,0.232466897291687,0.257987899179222,0.201462157754913,0.187349403264909,0.170985134360149,0.155438079779157,0.334532059617123,0.253504160457943,0.256585868927344,0.223096763064018,0.229116291752635,0.10346481957163,0.26682285103402,0.203920551135871,0.182601770614122,0.241085596201402,0.241683521138987,0.336640690652411,0.244563762146423,0.478050874654168,0.420263617099849,0.275186574900513,0.343531707303829,0.238211095512815,0.35450857472281,0.272333559082467,0.165340255356431,0.294765587751942,0.272135962764833,0.252195353848079,0.282370338701748,0.339377232504962,0.365335942656628,0.325528820222899,0.323423861350106,0.375339871458976,0.376317648278188,0.322348197238475,0.194566129123178,0.297717880414013,0.296404913617003,0.40434739640955,0.474384327904174,0.108568367168629,0.143009133312722,0.21595688726173,0.177966049865374,0.306640701331971,0.208315149549526,0.278295751912576,0.340939108314261,0.306603404124297,0.16035081318142,0.0899277877946806,0.0771705878314059,0.213315896707578,0.206678794599719,0.287404806866352,0.150675795202657,0.278407523683773,0.29434197995663,0.48088497683015,0.302873121418891,0.225732426794986,0.453108197719717,0.203224228714738,0.177933503904937,0.234244033874294,0.294686219721534,0.204909635778929,0.192545190275003,0.239648254196065,0.222791313847899,0.193377243017279,0.345251251214914,0.315155450949448,0.307537078978558,0.266273454671251,0.280845165264581,0.26195629484105,0.299598807092697,0.48403453664899,0.417632318898446,0.130067108610417,0.327389997375371,0.294056207397373,0.388238268664442,0.357724907890261,0.321655633701249,0.23171520492743,0.390361415317734,0.22933307323469,0.25563571205102,0.484440141525867,0.290446432699416,0.289764503306934,0.340090328043235,0.214635043375849,0.3990381100548,0.47611058522122,0.214175233777279
"Antilope_cervicapra",0.1397961915711,0.110568779547721,0.121136581340046,0.426827212951882,0.404206572006603,0.207620794452999,0.135007343091014,0.27344589268171,0,0.101680330419839,0.175013186831705,0.388767155820915,0.361564126807404,0.181565267016327,0.175714249871061,0.377925217012328,0.183438102324765,0.3542300653033,0.0299837897504751,0.220146537064863,0.280080042970948,0.325052122380898,0.112262582705369,0.195402040671104,0.337215147427015,0.158200377419025,0.243410540481971,0.412517670442122,0.368761252601831,0.359319036585623,0.381247340633997,0.40357975236901,0.10225653057523,0.331002561346498,0.339765388135299,0.175342422468563,0.292479887962943,0.329767541567893,0.126600326694483,0.301812247668654,0.339940142094186,0.142452061448003,0.418804315789469,0.336089067795431,0.189930285402026,0.124444235123702,0.363811097282862,0.124385468707885,0.143420749123334,0.182881614839391,0.147874167735706,0.161340560304171,0.192560245447978,0.157468186440867,0.402708194311359,0.385693620356209,0.169955230378746,0.100600212472851,0.207775267130965,0.0528591953681331,0.148477692394152,0.168723007848415,0.241191204293399,0.128017494340328,0.345379578146837,0.30994097767147,0.417300947340503,0.123393517542001,0.104777916384357,0.11741459640331,0.323059875610743,0.293185425471171,0.118904574520281,0.118278364149847,0.113867338869169,0.152712758365417,0.104462679247846,0.346988452358238,0.153216913677184,0.172311308913948,0.153618143224252,0.121950977983135,0.233499136221605,0.220789081225869,0.245623311095459,0.150762283986815,0.396313661290716,0.231092943609869,0.212462316363643,0.351564099814523,0.158629249456739,0.136088701126285,0.257659549942092,0.322155319488228,0.248252325311242,0.253682739693526,0.41812533765468,0.160846495725465,0.149793659032592,0.133279416108232,0.124647958652572,0.119685659226536,0.531632030815748,0.377234244253126,0.268287130853838,0.237539009195315,0.448684700716127,0.174410430588692,0.157531798097576,0.207434247490905,0.137414953033693,0.104015027290081,0.327627310847981,0.223267399975979,0.178359878470662,0.29524412796109,0.395680987535559,0.387363888091534,0.371311986351582,0.485004783961065,0.122242286778417,0.227166010553615,0.107602093210884,0.133653543399333,0.178651559155527,0.124219292311142,0.167530801119967,0.123703965946184,0.447622980210832,0.461710719694531,0.239710364730992,0.143081819049148,0.34972153146141,0.272907803888342,0.285739434011191,0.114283694016214,0.118393909548047,0.240914256621658,0.452355784532361,0.240296469390329,0.155379926430889,0.241328840267393,0.132138095736705,0.325270793218754,0.330713212280888,0.144547643573283,0.115154294330907,0.188159290114791,0.122774671289799,0.248401185078248,0.331777537258421,0.348130115243876
"Axis_axis",0.123029836636513,0.10183142692683,0.154285547266272,0.406015041505486,0.398735572555706,0.221551250466795,0.159936151614036,0.302065098620833,0.101680330419839,0,0.103154924209203,0.397636558934281,0.350902053838029,0.144415155951448,0.0745129628899852,0.385780767837025,0.0971141253395087,0.344173352325726,0.111124850180819,0.121265841020128,0.245137617487709,0.36840305569458,0.170798181459232,0.235988462796294,0.314637312515003,0.196661082971593,0.251517531085004,0.433587469580639,0.342701266535917,0.328363066567058,0.342425936898688,0.321410340208005,0.113512772442811,0.238988567685831,0.24766150480181,0.122345823238028,0.202305228878464,0.266751709858496,0.12136994826897,0.207819830236075,0.247613007243115,0.132340030223315,0.384368129677622,0.297082003078574,0.190204902760855,0.115920436129542,0.341372169038367,0.112277362543045,0.120440753746663,0.172779471235426,0.131501151936938,0.138990605746258,0.176688106615983,0.192461659174696,0.423661767455006,0.403954443096914,0.186607896337411,0.132257671374222,0.175458853681827,0.136462554849666,0.193812736783586,0.178766539167823,0.282689621834869,0.134877000325181,0.287188065143976,0.293025440211783,0.374716400394192,0.10959895104332,0.117678839680299,0.118372893907698,0.232833836292149,0.203642179750893,0.0976146531122243,0.127378222638872,0.136280793243283,0.14993722467035,0.0960516336105236,0.316767196794601,0.159917126717469,0.167791549057194,0.132544156049356,0.131678888650868,0.180729971333891,0.137858237106286,0.210403391985113,0.109279311081778,0.323950984751828,0.135975180349149,0.114477947574348,0.325040359688676,0.162306764911466,0.143308748818048,0.167001559674357,0.230107112032101,0.256883696350867,0.242678555038199,0.397902972751403,0.151234809498921,0.164105594386489,0.160366158045071,0.17214123271229,0.123917682304937,0.523217617727079,0.404289763174483,0.303921997556995,0.263046116268703,0.446071167882854,0.157273162032995,0.0939674742673986,0.199509350739957,0.111438797504393,0.0952028826261972,0.235855932592589,0.154406816960426,0.136349844254243,0.205930624127147,0.400536836812282,0.405422627778581,0.317405882720866,0.454132270545622,0.139370591932265,0.204440324766617,0.111795847577427,0.124900287826805,0.15666670411701,0.128551724740636,0.102951183475023,0.0662373162266472,0.401024603131624,0.416035007101409,0.183628200079387,0.0443951375260283,0.261905302686919,0.187671784037559,0.282930140074728,0.112517605985052,0.0981962264711785,0.150494094752262,0.389681999584839,0.203691587068058,0.134866902251223,0.149596824050563,0.123040227879557,0.272861805951045,0.239136215030133,0.145828058579206,0.0934948345466889,0.12805112182643,0.126983543519131,0.178440643137039,0.235342661747614,0.324004479820613
"Axis_porcinus",0.1748902775313,0.173622587218641,0.199773491526856,0.401576713857198,0.403622307527917,0.264226805828559,0.192623037701887,0.322613277752583,0.175013186831705,0.103154924209203,0,0.416805943770125,0.358080540459478,0.166547242672094,0.09635266251362,0.387548383000482,0.152028118078024,0.339060373593707,0.174940415771786,0.0903999358135685,0.237328838401708,0.384404446562661,0.215281362796784,0.289699248737147,0.33570660649829,0.24133949147027,0.289697413102034,0.450866765815114,0.341646608851619,0.303283033788329,0.319046107285755,0.270124640996973,0.172021894196711,0.242426852394572,0.24808469903919,0.156916252663493,0.214980823514389,0.288257370667385,0.198488759712351,0.217947489154477,0.248225759112361,0.159671928906292,0.378820389299117,0.27837270089366,0.215958321488532,0.165134311887506,0.343932856552409,0.191233328264157,0.171454253988671,0.20101864672692,0.181825927246382,0.189668536525857,0.24052344854612,0.237919219681203,0.44060237394125,0.417912998862353,0.221768565972138,0.208865982963076,0.227033870081445,0.19062316469173,0.236269546067468,0.22421153834603,0.319834482876407,0.206389288482316,0.282641018359388,0.315017040392803,0.384227763227031,0.159848531295608,0.203389050982873,0.149853594037507,0.233025201673686,0.217729301610629,0.166317541670322,0.210837454608098,0.180681272489931,0.227366092981601,0.152408340236881,0.340845986184285,0.234317082976126,0.237831793935217,0.182667860588274,0.19940661324898,0.172656598310354,0.17840440582142,0.197770557585904,0.191303061546518,0.324831259219157,0.169726977934896,0.112644051002107,0.341188070365749,0.2364379822852,0.209506414618178,0.202321355215762,0.23792187407609,0.287326452733178,0.250318369527571,0.389905419057435,0.187745423450874,0.240621289039143,0.194945033039353,0.215392658659365,0.200288302390716,0.534086866263719,0.41862165687109,0.341823366965423,0.300012229547099,0.457058854989895,0.175833714796803,0.146552566177466,0.250755575758895,0.181351378608158,0.174229896707497,0.239637327669056,0.20111896858244,0.173036154390812,0.220892671955083,0.409575016627707,0.419480497708439,0.334146396794168,0.452828024423642,0.17913283873343,0.229626812361714,0.151417780705697,0.157391878919024,0.187581438611786,0.207471900128586,0.034215331750695,0.0719177611182197,0.4013548339159,0.417852717430672,0.188663356840517,0.0940149433940912,0.286586309567789,0.220624426997105,0.308221155551393,0.188972270228532,0.170504986649529,0.168107374827651,0.388891441811683,0.190639666293901,0.180017233506412,0.184774135353431,0.15764902027495,0.314615883889561,0.241344516264019,0.216656572250726,0.166250579321057,0.177095140094642,0.162306745594947,0.223976691310252,0.262950490819966,0.339100952898016
"Bison_bison",0.34363378905749,0.395753914910373,0.348042448820779,0.166334512140349,0.0842254228645882,0.22086683281315,0.320339818845473,0.129456768816447,0.388767155820915,0.397636558934281,0.416805943770125,0,0.161799462937507,0.32625829501497,0.41007568571714,0.133285273587074,0.438653764114292,0.165202310055958,0.382932444648761,0.434979265496687,0.245340711949449,0.165238402261316,0.325634016248033,0.255301769334986,0.189677594412982,0.308941991117748,0.195854031274883,0.147136071654059,0.174436476966443,0.196198375263354,0.235947331917546,0.383561630540826,0.363253610648628,0.549271721986476,0.557654209646507,0.334603770826111,0.515969394374699,0.349864044656682,0.449492773069367,0.51002754469959,0.557375717277116,0.315760074510289,0.212584796715315,0.260693781254649,0.243232158343572,0.335057297834217,0.179038367538397,0.421394777952325,0.363648865605799,0.249511840278985,0.345018515731608,0.335045871624869,0.370281694707233,0.300341686661564,0.134369768411941,0.154507333961319,0.273909062472094,0.439961336296722,0.341389165854645,0.370233968278442,0.32264784933231,0.312971918996291,0.214114860387617,0.38301076344544,0.208608563677405,0.211091810204272,0.173013863839723,0.348519626241565,0.443537423986787,0.352640818691786,0.545386980235797,0.484932150718883,0.379653767193006,0.452567072621491,0.34533320433155,0.464258017884285,0.380840074030958,0.157412412474664,0.408999633242627,0.383929974270854,0.357480348044231,0.399742975186033,0.405559347597022,0.435935166442207,0.383944415737736,0.407471347177048,0.396175976957628,0.442945649711612,0.38516947667887,0.185553174495408,0.414468912942875,0.411958209419514,0.466252869242561,0.540930893717356,0.166290065955686,0.203911897601101,0.107267470762844,0.285665161885641,0.423486208376931,0.323742767089603,0.378640163869426,0.44687677595998,0.231064047038862,0.143959842579333,0.168042959294081,0.174095367779577,0.136420244714322,0.300197657410104,0.364278260543923,0.221386615907606,0.378985659847937,0.399619656848949,0.546531525375789,0.363821775204881,0.308535315395235,0.520989575062641,0.135694588694381,0.131953945591907,0.207495758498351,0.184096261251187,0.316786680428606,0.249402221500758,0.350518592795871,0.3206402267305,0.286003289760301,0.451348627017638,0.408309267873169,0.407906461996347,0.194839716833745,0.197909157112654,0.312808024658277,0.382439668135574,0.530255956414781,0.469118768166879,0.163050274266015,0.433142630943399,0.398317014408795,0.456496427014384,0.343913043655925,0.38223593645299,0.33651670029628,0.459440879544846,0.32614019526858,0.26893690856008,0.550198210585813,0.402621431809642,0.39315725256599,0.417421091150579,0.327106100211153,0.457297702896413,0.527091134680007,0.215483952957782
"Bison_bonasus",0.30808239837158,0.362817153047771,0.328228821308775,0.079868387192659,0.0974400497345363,0.205359953467518,0.303452222113348,0.157057430497181,0.361564126807404,0.350902053838029,0.358080540459478,0.161799462937507,0,0.255254978320003,0.353714313013832,0.171300188530253,0.362810730734215,0.0273590350431888,0.357253570695181,0.362032291203886,0.166108196255842,0.182113542598044,0.317582474598997,0.274885612449267,0.149579189578744,0.314408138155616,0.164195131013277,0.203913504446902,0.0734396809640071,0.132083640063904,0.135856736826623,0.308348595232516,0.324108585706224,0.456342345313058,0.46412297182371,0.274400320776278,0.429077450868999,0.279332849721558,0.417923072772713,0.42806145235048,0.463814463910015,0.276708095976946,0.124697479239007,0.158800323774982,0.215038460573673,0.30288866396253,0.0777654531624425,0.3911830570167,0.325175902599092,0.219912377226663,0.313955772107197,0.302718785222173,0.347306235438532,0.293068926176501,0.1988787525399,0.170041823912161,0.262551700550522,0.40808452362054,0.296530024259974,0.351099788519725,0.318871916504036,0.306175090984782,0.226157924842932,0.364625691941004,0.161498395468928,0.226644375783125,0.158480159515986,0.312329528829818,0.411537888208813,0.316248718168843,0.454381167555109,0.401100128203297,0.343834024224826,0.422900730596108,0.327878201483732,0.42098779681567,0.344680889214312,0.144607049995483,0.393234907181161,0.37161277860824,0.322166276324573,0.375411948724674,0.324662133553134,0.357817740389447,0.313232022377673,0.327245596104462,0.314233001123527,0.365262147871205,0.323532761247948,0.105713585268519,0.392571700143492,0.394113717698001,0.383852869550136,0.449337998102205,0.182222442928531,0.146447563011813,0.144813697271976,0.256967031640082,0.405877813862109,0.30749162194138,0.360789438576206,0.412975836349027,0.251737171834353,0.178169387534211,0.193037861123721,0.194834603310066,0.185727075909796,0.242820250230327,0.318666298089163,0.211278638672865,0.343590746585797,0.367345689849812,0.453964317730199,0.294050301115287,0.260664943766856,0.431704123692709,0.181956808430756,0.179480521184288,0.186096660790137,0.191005587009989,0.294519795888992,0.227274255311356,0.317226953553224,0.286389034597527,0.256340620002843,0.421557375192182,0.352710813280109,0.363599947486773,0.163352443485642,0.191545416489383,0.24666174643672,0.334552710266284,0.429282894789556,0.387040503598939,0.0984661278483537,0.396834096104815,0.359669432161768,0.386486343172418,0.291483409422295,0.307433455667311,0.296681421606612,0.375943922770009,0.291440017456648,0.260643627117951,0.457767983754333,0.378122558556216,0.35639899984511,0.346664338714427,0.298283942500013,0.375945297388061,0.43432234451467,0.236593101815855
