"","Aepyceros_melampus","Alcelaphus_buselaphus","Alcelaphus_caama","Alces_alces","Alces_americanus","Ammotragus_lervia","Antidorcas_marsupialis","Antilocapra_americana","Antilope_cervicapra","Axis_axis","Axis_porcinus","Bison_bison","Bison_bonasus","Blastocerus_dichotomus","Bos_frontalis_gaurus","Bos_grunniens_mutus","Bos_javanicus","Bos_taurus_primigenius","Boselaphus_tragocamelus","Bubalus_bubalis_arnee","Budorcas_taxicolor","Camelus_bactrianus","Camelus_dromedarius","Capra_hircus_aegagrus","Capra_ibex","Capra_nubiana","Capra_pyrenaica","Capra_sibirica","Capreolus_capreolus","Capreolus_pygargus","Capricornis_crispus","Capricornis_swinhoei","Catagonus_wagneri","Cephalophus_dorsalis","Cephalophus_jentinki","Cephalophus_natalensis","Cephalophus_niger","Cephalophus_nigrifrons","Cephalophus_rufilatus","Cephalophus_silvicultor","Cephalophus_zebra","Ceratotherium_simum","Cervus_elaphus","Cervus_nippon","Connochaetes_gnou","Connochaetes_taurinus","Dama_dama","Damaliscus_korrigum","Damaliscus_lunatus","Damaliscus_pygargus","Diceros_bicornis","Equus_burchellii","Equus_grevyi","Equus_hemionus","Equus_kiang","Equus_przewalskii","Equus_zebra","Eudorcas_rufifrons","Eudorcas_thomsonii","Gazella_bennettii","Gazella_dorcas","Gazella_gazella","Gazella_subgutturosa","Giraffa_camelopardalis","Hemitragus_jemlahicus","Hippocamelus_antisensis","Hippocamelus_bisulcus","Hippopotamus_amphibius","Hippotragus_equinus","Hippotragus_niger","Hyemoschus_aquaticus","Hylochoerus_meinertzhageni","Kobus_ellipsiprymnus","Kobus_kob","Kobus_leche","Kobus_megaceros","Kobus_vardonii","Lama_glama_guanicoe","Litocranius_walleri","Madoqua_guentheri","Madoqua_kirkii","Madoqua_saltiana","Mazama_americana","Mazama_gouazoubira","Mazama_nana","Mazama_pandora","Mazama_rufina","Mazama_temama","Muntiacus_muntjak","Muntiacus_reevesi","Nanger_granti","Nanger_soemmerringii","Neotragus_batesi","Neotragus_pygmaeus","Odocoileus_hemionus","Odocoileus_virginianus","Oreamnos_americanus","Oreotragus_oreotragus","Oryx_beisa","Oryx_gazella","Oryx_leucoryx","Ourebia_ourebi","Ovibos_moschatus","Ovis_ammon","Ovis_aries_orientalis","Ovis_canadensis","Ovis_dalli","Ozotoceros_bezoarticus","Pecari_tajacu","Pelea_capreolus","Phacochoerus_aethiopicus","Phacochoerus_africanus","Philantomba_maxwellii","Philantomba_monticola","Potamochoerus_larvatus","Potamochoerus_porcus","Procapra_picticaudata","Pseudois_nayaur","Pudu_puda","Rangifer_tarandus","Raphicerus_campestris","Raphicerus_melanotis","Raphicerus_sharpei","Redunca_arundinum","Redunca_fulvorufula","Redunca_redunca","Rhinoceros_unicornis","Rucervus_duvaucelii","Rupicapra_pyrenaica","Rupicapra_rupicapra","Rusa_timorensis","Rusa_unicolor","Sus_barbatus","Sus_cebifrons","Sus_scrofa","Sylvicapra_grimmia","Syncerus_caffer","Tapirus_bairdii","Tapirus_pinchaque","Tapirus_terrestris","Taurotragus_oryx","Tayassu_pecari","Tragelaphus_angasii","Tragelaphus_buxtoni","Tragelaphus_eurycerus","Tragelaphus_imberbis","Tragelaphus_scriptus","Tragelaphus_spekii","Tragelaphus_strepsiceros","Tragulus_kanchil","Tragulus_napu","Vicugna_vicugna"
"Aepyceros_melampus",0,0.0754598270387338,0.0956174032917894,0.366451228954867,0.350470048205278,0.182107174202454,0.0873404606844586,0.237277752841124,0.139794582320178,0.123025755461909,0.17488321883874,0.343631644887774,0.308081029057599,0.134548729855674,0.147249819678984,0.357574316144466,0.162347076894398,0.31703249873809,0.152700117824221,0.19340697143348,0.237586165905879,0.324691492301325,0.213330792784243,0.233987054444133,0.284036702961026,0.178423872634395,0.206443992106359,0.381997050213848,0.303588477172668,0.315837797927202,0.337103151176412,0.325304903070245,0.0856069391161503,0.27097959508331,0.27955179966503,0.0920642248812207,0.232278146746643,0.222331126343903,0.138113559594274,0.229386567175429,0.279483087049074,0.0555375402263511,0.348548998313739,0.297204462374704,0.112283563632985,0.0255466026508981,0.297460495133369,0.107915178338365,0.0381527718689807,0.0974015264622494,0.0230315032504786,0.0271167667905222,0.071543575148557,0.168876722080096,0.3616444118816,0.368169954184365,0.110023376242337,0.137730016114542,0.0801290350117836,0.153482772204592,0.174055217670944,0.16810483070119,0.23800994046726,0.0643979499366446,0.275373955711809,0.204482149574849,0.332766753337998,0.025726486276062,0.131931837273792,0.0542983327759279,0.264468803683354,0.209690726597194,0.0530811434649038,0.142245292747085,0.080149345954523,0.139600596741497,0.0637468209916055,0.282370593692761,0.0933452390504217,0.0778326015194183,0.0292883175278266,0.0832391076696371,0.157748040161744,0.157580247080188,0.176461644840661,0.118072277157943,0.286866097343255,0.167916241095524,0.134425655481484,0.279824089456581,0.0951380683925342,0.0978351198474398,0.194808704419284,0.261393150441947,0.204164516564827,0.198722552199814,0.364702339621367,0.0691315152208088,0.106545977399823,0.0892790599159848,0.190651039842058,0.137052059329688,0.477581221299845,0.351489567662374,0.269603073411937,0.206299836936173,0.406493916905143,0.0933890601475037,0.0971708183566107,0.138467505296575,0.0526494043078404,0.0789835977908485,0.267871302195113,0.103279456436999,0.0613146271660057,0.239066176473694,0.350067213455858,0.344796965695619,0.305984058420294,0.43621533679426,0.0704703277414042,0.146873043528205,0.0565350263725145,0.048488326588788,0.0616588367492477,0.143294253875526,0.170970739846292,0.1559685111117,0.372775665149954,0.394878452942199,0.164296689237493,0.11374438842656,0.28439117744769,0.219064824079041,0.260355363958466,0.118722896397395,0.072042184056903,0.176003820705866,0.340940521707846,0.169943113681799,0.0211269952790289,0.177052027830577,0.06252940977039,0.208431646230024,0.271469342444189,0.0755688410123497,0.0755316790198053,0.122192929971573,0.0521317478029337,0.197715086883653,0.272315740551275,0.246478907800324
"Alcelaphus_buselaphus",0.0754598270387338,0,0.119164268552316,0.417251912690057,0.402636861882128,0.228408274548784,0.123320186887938,0.290626824458372,0.110567113420341,0.101828123761178,0.173616306535035,0.395750992731704,0.362815005724837,0.151838097558447,0.13946611777591,0.406599953760641,0.140271383596,0.369916292581107,0.123995681528342,0.177500034477426,0.284316465154301,0.37033477865791,0.226691652690877,0.241801740065786,0.331275088765386,0.189419994923854,0.267517150055525,0.439568522163926,0.352155048692778,0.361712370764041,0.375561278743341,0.361175305271663,0.0926485966011556,0.244796344819604,0.253576874700011,0.128187340671857,0.204008815992407,0.262396695434547,0.0654473130827954,0.208516774777419,0.253713629118082,0.116304690370673,0.393076178680341,0.331687198360732,0.183145820444754,0.0839329499953504,0.347276643247649,0.0382269844552715,0.0537858900569484,0.161660288861706,0.0861759245930323,0.0952032240063976,0.114634080129915,0.187011282813287,0.418949495073965,0.417281855362471,0.165398723739935,0.0810971046118798,0.135175526124644,0.131457827594979,0.184825167730569,0.174709518816079,0.270024939657957,0.0638720310762504,0.312868536138669,0.255628224902123,0.377057276155666,0.0678824680343488,0.0629275274332726,0.0746073732260414,0.236667520595237,0.201316039688106,0.027583194231057,0.0693935267663694,0.0960006521442161,0.0765120961031727,0.0564257925707516,0.335294265545455,0.085424688335138,0.0998620585712506,0.0838060442622364,0.0580760034395026,0.17553575460684,0.146456494833541,0.201620686420497,0.101161589282666,0.323011023387739,0.152052798426375,0.157097406911957,0.335068986595389,0.0905379689614852,0.0738527089532563,0.174412136026791,0.235345262201792,0.238824230689081,0.249848821773252,0.405959260923817,0.12795490799116,0.0892293526556435,0.122837607710188,0.171600086359777,0.0620688570497087,0.534772887849296,0.399124121425968,0.31936070091099,0.254334997746178,0.466550453819765,0.143405394900204,0.102961685207327,0.192584460108931,0.0444077572512667,0.0112776913695396,0.241309374945409,0.138744534719967,0.124945132665619,0.209646576970653,0.402781949925453,0.397625844261307,0.335578494358116,0.483007914450961,0.108227680837896,0.181802327737434,0.0763173399706571,0.103264248677103,0.128398451875242,0.0704424878948103,0.174161948883916,0.147723648773244,0.420780283868148,0.44195919045394,0.20241210697912,0.109831591797602,0.267311684209706,0.203123769368674,0.314971803432905,0.0447352352286549,0.0180184758562492,0.159919308828067,0.379101920771108,0.196107822852735,0.0859043293431866,0.15891806816506,0.102808207743963,0.259579731547186,0.244792238054587,0.0727746083247925,0.0184182227493615,0.0958759662276323,0.0933519894495354,0.181501994845307,0.257320680799925,0.289643520588855
"Alcelaphus_caama",0.0956174032917894,0.119164268552316,0,0.396549410144181,0.373186573028341,0.203106110772497,0.0446694320112932,0.229803643039762,0.121135051918439,0.154279247874719,0.199764214617348,0.348042035268119,0.328227866896357,0.164558695757748,0.201099769699353,0.373303127523616,0.234448660169144,0.332133489992426,0.134447276837868,0.257940320233039,0.279830340131257,0.309530151821456,0.183018355807669,0.207905104837026,0.322382702437646,0.15252508027691,0.229527103878914,0.390717595178383,0.334688691401083,0.347515198826387,0.37441072632929,0.390744247744943,0.101447652930535,0.342759603039888,0.351431216635312,0.160807927057779,0.303767902047741,0.304296032145301,0.165863193423419,0.3052897021177,0.351394212065104,0.104278343167375,0.387705765965905,0.330933174215189,0.137678022817965,0.0758491843664974,0.330481128582081,0.151265930336135,0.114650173959729,0.1372572884529,0.0935397043355573,0.113711011741739,0.135885288697756,0.15046633520968,0.373907367950127,0.364040551739617,0.101387694421072,0.149466225243483,0.16682340349126,0.114658382216536,0.148962407133253,0.150501508573038,0.208069301425987,0.0905245192189571,0.322365971231542,0.25477129243737,0.377854877940418,0.0927564400862025,0.156993629202791,0.0726427866559505,0.335889988271344,0.290284742081817,0.117670010194675,0.166664367988828,0.0550987915123363,0.171343553163949,0.0874669605037281,0.314006632426773,0.117439174915764,0.129454876492068,0.10858288994021,0.103839192638678,0.209472318493369,0.231856702243621,0.205400778180999,0.185578382411217,0.372720723239604,0.245553763495864,0.199655717530452,0.313530821210448,0.124442211445807,0.120497028265191,0.278289007943846,0.333286010171559,0.218449446814432,0.23231680769002,0.393879428067397,0.107303979590194,0.119532004365251,0.0415867468115241,0.151019885167276,0.161023381641929,0.497046377825282,0.345577800691878,0.264781618638101,0.201735401459575,0.423670679302839,0.1196821485512,0.158034049693934,0.169856779498646,0.127192923289557,0.121972674852552,0.33955995741037,0.193862334923781,0.141160166707332,0.310284549937022,0.360753515035803,0.353321714962879,0.352696032757061,0.482390191356703,0.0514463624603114,0.184101088928307,0.0732806608933829,0.0988258850363423,0.12710178833331,0.165646315965549,0.193581486373931,0.158665450691416,0.42604584112591,0.440765229078115,0.225271535114801,0.159791143385452,0.36998706898325,0.300417295414081,0.280993630784117,0.151833764874154,0.129470803149656,0.254278550377795,0.423197843598378,0.201389865210064,0.111990496306378,0.255412771426929,0.106739833503239,0.285747236350313,0.34314409839582,0.11912734807045,0.133577899627298,0.199240577795074,0.0591083730088782,0.281593799920404,0.353876700139514,0.300155670420978
"Alces_alces",0.366451228954867,0.417251912690057,0.396549410144181,0,0.0973188263408628,0.256246354765753,0.368718388518251,0.221180397209252,0.42682558560676,0.40601058320553,0.401569278039287,0.166332745095985,0.0798673950040289,0.30620940188359,0.415155897259554,0.192677486179552,0.423085919563982,0.12309134920119,0.424925726012696,0.415805692434291,0.213630167894343,0.256353159207806,0.3858165458729,0.335045911462138,0.161066797084938,0.359476939925893,0.213607391732173,0.209008569006083,0.0795332597993721,0.175958293077615,0.159579034523355,0.316518692069319,0.387780763408317,0.483012863877651,0.490792680133984,0.326182568766377,0.458180992553101,0.299664521756707,0.472363211720834,0.452389291239702,0.490484096890145,0.334352541587549,0.103546864335971,0.187299903957932,0.272875324458483,0.363036002564369,0.0827331713505038,0.44556519794449,0.379815993600218,0.275379139844715,0.36858721991425,0.358183783684589,0.404253919749789,0.33978509834661,0.195975584236501,0.21734023517383,0.329967745142712,0.466707675432621,0.349617505983678,0.420110507170025,0.367777062332363,0.343657309855707,0.290389358905273,0.425261566366302,0.165960262404164,0.248884767321879,0.131704461759843,0.371162802461843,0.467452878763072,0.375451480689397,0.481052498757196,0.429302589452,0.398106556829135,0.478291048998296,0.38488177615442,0.476378311640729,0.403011499601208,0.176567949801173,0.452603402432854,0.427143184874817,0.377826051324092,0.434848271576904,0.360961555246183,0.401088677260439,0.353988974992149,0.384167115457395,0.32036055596255,0.40209149052202,0.364385078256676,0.118672232164432,0.453223921329499,0.451423649615865,0.422346030817045,0.475754131507699,0.219373747128072,0.203244193815802,0.108265469187559,0.313415019167411,0.467754641870223,0.373245898073717,0.417977777553709,0.468346185385059,0.221816800897334,0.203615828079749,0.260508821625421,0.254033716900074,0.163428405966518,0.306954718144729,0.366316403180994,0.263377058888174,0.396538171402086,0.422112604722668,0.480635306293328,0.339251498418234,0.315082544816613,0.459667271349241,0.176005042433513,0.18196744996259,0.181467512476042,0.140343745013547,0.358335263006351,0.262019620540042,0.378612561495256,0.344611544553856,0.309701861459085,0.476947555085438,0.395211240240653,0.416160771775812,0.118884405902366,0.13791484431097,0.279212492984062,0.384997875845256,0.454397031982039,0.418405118928314,0.176697453104574,0.452132695276311,0.413354473356727,0.419658952965967,0.275401409401786,0.347607149006609,0.352748906322087,0.415574065626636,0.350183345804398,0.278756036642618,0.484438482290301,0.43652294983833,0.410245254477425,0.400813765152071,0.359099786752903,0.411496711980216,0.462803973003843,0.241445230730675
"Alces_americanus",0.350470048205278,0.402636861882128,0.373186573028341,0.0973188263408628,0,0.235065976999943,0.348843632881713,0.165390723439269,0.404205758676642,0.398729989255797,0.403613746710053,0.0842247808201761,0.0974398052604489,0.291816007412862,0.409205587482863,0.151609819378351,0.427921618265075,0.131002715558574,0.395685521926168,0.430171192348197,0.211407786171986,0.183579760273128,0.352286541551359,0.287637744852897,0.166813264276181,0.332800959677895,0.197688781945158,0.161028934715064,0.11517579177288,0.142655065620837,0.168886953787351,0.351151340853841,0.368817162455285,0.506684498241291,0.514636366758582,0.325932567847028,0.475853264454547,0.301928770792597,0.457748160912905,0.469830424870584,0.514406504022078,0.318371360837961,0.15192399949626,0.196382192094413,0.254393820057913,0.347030141028416,0.121619862661598,0.430950147136561,0.365434704268356,0.258762276709458,0.353604075058581,0.342202602935,0.3882727390002,0.320597329293613,0.154978880877879,0.156599394976123,0.30035563446277,0.449273731583479,0.334725179707844,0.389142055537666,0.343627805909409,0.325542625075381,0.227651323653663,0.407558329732629,0.170175343505133,0.234857762238251,0.152242690725568,0.355181621712254,0.451839792061224,0.35998279904357,0.503365018415202,0.441682144232301,0.382710810603879,0.463675998190367,0.368831973190413,0.4617632608328,0.38870109969729,0.17464029275873,0.434964859652731,0.40785371085935,0.362842906468422,0.416183909706274,0.360494271089486,0.403213524201628,0.3441177961776,0.383009871053695,0.345872272624317,0.406617624898395,0.362478961839709,0.145991316213575,0.435001014947177,0.434553667136234,0.436225452998172,0.498974282402518,0.184472302618202,0.17132233674811,0.100291023679827,0.293051428533803,0.448970711319183,0.353371142437179,0.394788659869801,0.45373113457713,0.227229794113307,0.138652543341947,0.198753944962271,0.209833466355689,0.136299047790258,0.286366576981939,0.352538702149837,0.233581757447336,0.380925084700238,0.406499518020819,0.50400751069326,0.330212786095766,0.305255856070409,0.480474113651585,0.144211611213723,0.144705387656045,0.175613412401973,0.191607536643536,0.338482654840099,0.250276240532981,0.361250467505826,0.328630363804267,0.292960459929075,0.462332504277508,0.391257270833574,0.407643501322569,0.157189665731505,0.181050091339098,0.286636163927365,0.373929761778686,0.48224333511608,0.42846799191823,0.169290775908457,0.437054052779203,0.398739422548798,0.417779556657802,0.308077019356466,0.340542505550941,0.336767725572498,0.418439758578102,0.335650572026152,0.26988813925217,0.508057374323362,0.419837565922322,0.394632167775576,0.396735134655653,0.342308434927717,0.423229963185976,0.484639077856437,0.229967380385304
"Ammotragus_lervia",0.182107174202454,0.228408274548784,0.203106110772497,0.256246354765753,0.235065976999943,0,0.181556051096599,0.146212925161384,0.207619547440973,0.221545233484823,0.264217811328632,0.220866601330723,0.205359386974133,0.210685219988822,0.257192104165208,0.282770855860757,0.284218691700086,0.219651946543557,0.210639866851406,0.305040660151134,0.174055146834526,0.232438293699322,0.163730291557384,0.124128357260802,0.161388642241751,0.11821625263283,0.0505477809328246,0.263143511133276,0.195004262017588,0.241076285388114,0.249378709215616,0.283977053878057,0.198359151524133,0.393044458380943,0.401456910462895,0.190234903204061,0.359171505466102,0.244498870693021,0.280929011728644,0.353013975675727,0.401207885934661,0.169548278831828,0.248132540959793,0.216444483919184,0.126471195711265,0.177438408529374,0.194979593281987,0.252614816585827,0.202673335505833,0.119905026011019,0.18586685688112,0.180305763753174,0.218093330646182,0.102265355045237,0.263778301672697,0.284779873196433,0.124639788927124,0.276968748462794,0.196335245857228,0.222727757719441,0.132624662066616,0.123933472088611,0.145055519133467,0.216173446499052,0.209614162754592,0.220909000650895,0.243919049300875,0.187817739386806,0.269289650589461,0.206964817598617,0.388644102610539,0.327377178804748,0.210262385174998,0.281084115028859,0.208607652176321,0.278028632239762,0.220787250977527,0.179522918063827,0.2431136704781,0.22038401353397,0.193955520523191,0.213963853699803,0.275813979586053,0.283840544011433,0.275223862862701,0.223859268026803,0.297780762804924,0.285119567524253,0.230195512050219,0.182186310590484,0.238123243140313,0.232277441127882,0.312067957368614,0.384800825728908,0.10579729852242,0.140350045418589,0.25298987255943,0.132987981379712,0.245514002278218,0.186243101423573,0.202858925175102,0.280487758056689,0.372706924132402,0.247088386979732,0.144465986377756,0.0997883818763864,0.279341766264139,0.170923484108014,0.20756892648947,0.0730810349797824,0.210141968125469,0.230369959715609,0.390188076498117,0.21988618971047,0.153565668404642,0.364423626648069,0.272731326193396,0.249176093456425,0.217968963821899,0.335470600813474,0.174140908211351,0.0956228823160265,0.199553655669288,0.180921659519326,0.149897077721634,0.285197423239898,0.250325695357459,0.249599188958271,0.275569536893597,0.289319267070506,0.187427176999745,0.213227166152602,0.387204885378914,0.312723657030793,0.134107551143875,0.26289245874641,0.225157522933747,0.295769490706231,0.313755309414911,0.270431407958784,0.177117115967124,0.301249454959904,0.184610118602864,0.214398135864793,0.393973658028551,0.232377673920198,0.223137214097542,0.251510812124325,0.180245580776684,0.308104945997556,0.378933266774057,0.253618717136983
"Antidorcas_marsupialis",0.0873404606844586,0.123320186887938,0.0446694320112932,0.368718388518251,0.348843632881713,0.181556051096599,0,0.202476655756712,0.135005588345423,0.159929626898498,0.192613535468394,0.320339407981109,0.303451147886397,0.158426251870013,0.209445028385352,0.344438741184083,0.240262163868837,0.305016893862575,0.144491151386548,0.244990052535165,0.254360995794958,0.281853670072247,0.171702204870362,0.200016852019388,0.294222787256447,0.128624513037925,0.209079148661134,0.361592482670862,0.307309209604565,0.323458462699941,0.351025754593648,0.356140252377831,0.109570200185452,0.349002699895158,0.357574904476877,0.156621581024941,0.310301251558491,0.287161845740889,0.167571947824755,0.308058666932218,0.357506191860922,0.0869768478675306,0.358050441788381,0.313569050591145,0.119061839561523,0.0698120702497488,0.301978198735941,0.153334253646653,0.107045962677376,0.111917247299062,0.0866616904118985,0.103381375400637,0.132183080427922,0.126100287325675,0.342328997744518,0.336585975105825,0.070898413821482,0.155469607691238,0.154939149274488,0.120009832178948,0.132761108278496,0.143285734858812,0.187939640022605,0.0942857754600834,0.292530187274481,0.223950626559977,0.344989990176713,0.0889451921538324,0.168388853412997,0.06612011068328,0.342491908495201,0.289921997559184,0.119771281925961,0.169924848902262,0.0618986215678557,0.182223354863368,0.0948869433632927,0.278366651579928,0.120900757309876,0.129532461343381,0.102815391867019,0.110917527663025,0.197320174958374,0.23941280612665,0.189431770478452,0.191027460880859,0.343266342682612,0.250892198440963,0.196013220624835,0.291906423497891,0.128210983023039,0.132441594717748,0.278386347462805,0.339416255253795,0.197991651985034,0.210247375143827,0.368629143960328,0.0792046210516648,0.129017550150028,0.00900064718028706,0.141450597408759,0.16594477105254,0.463370385605318,0.314116734291851,0.241513766104554,0.175422648941693,0.39327139952408,0.0969275499767901,0.15861414326056,0.1456860516957,0.129562693232179,0.127100729450807,0.34589440700696,0.189871837715697,0.121817306488307,0.317089281285541,0.331185119273354,0.32194962431852,0.324803722657472,0.453440946326262,0.0310495432745401,0.153189455955654,0.0685173902676549,0.0793585247678923,0.101547154037515,0.1676208782118,0.194312109766933,0.16977945572113,0.398587634266798,0.409802883648958,0.202487959990214,0.164380472063898,0.366512692526836,0.303131963149929,0.255679196404412,0.158207676466785,0.135104426439221,0.260441069526464,0.389326336463751,0.184336380238216,0.0967886409331906,0.261073890704885,0.0942195252960391,0.267315452938243,0.349492447256036,0.125308699897555,0.135455231293108,0.19845299173411,0.0430939155875901,0.282460283559968,0.358056640901068,0.269147832292764
"Antilocapra_americana",0.237277752841124,0.290626824458372,0.229803643039762,0.221180397209252,0.165390723439269,0.146212925161384,0.202476655756712,0,0.273443987591685,0.302058423560861,0.322603625174657,0.129456319100796,0.157056205925796,0.263421507731798,0.345035516948029,0.210357257659755,0.368575410335809,0.172186578771968,0.269070822429264,0.378250469965966,0.186980266439567,0.138710139545023,0.228639883302942,0.189549395348936,0.190511883521724,0.217640588056497,0.143167371082746,0.195511704274881,0.182241305235455,0.175796987038459,0.209182296296068,0.353071464162976,0.253121393461353,0.483839807021208,0.492370200513967,0.262681024630502,0.447611623355737,0.324706403599718,0.34528930871641,0.442098752970183,0.492253677673165,0.216250177230874,0.239995792935275,0.21721536142392,0.148400620453408,0.225952145027676,0.18639310892114,0.316033704924298,0.263200666748957,0.15671448889066,0.235366182112502,0.232463985565278,0.257985275725525,0.201461587384495,0.187349060606624,0.190723269330024,0.155437863004946,0.334529643626649,0.253500558985453,0.25658495359073,0.223095776664537,0.22911531216716,0.10346417989106,0.266821122121454,0.203915687680023,0.182599615431954,0.241081903960857,0.241680691381004,0.336637231867033,0.244561320287795,0.478028958924561,0.420247190949982,0.275183155313537,0.343527929529386,0.238209811536437,0.354504993371237,0.272330204702161,0.185211943729704,0.294763704506679,0.272133780552581,0.252192216848354,0.282369171753118,0.339367820930234,0.365321499592936,0.325522475085895,0.323418176010186,0.375325048470603,0.376302450994737,0.322337300234676,0.194564120252529,0.297716093641016,0.296403220597389,0.404329957885851,0.474362158658804,0.108566744746402,0.143006702354404,0.215953650791418,0.177964369844814,0.306639081259419,0.208315088338963,0.278294773314762,0.340935315345515,0.306602881084784,0.160350318975728,0.111595507479134,0.0771704851793468,0.213315611175493,0.20667523921896,0.287395662099391,0.150674370171592,0.278403537814816,0.294338658415146,0.480862718461586,0.302865736322244,0.225728793508765,0.453088700688276,0.203223444758337,0.177933311022617,0.234237732819387,0.311476037003134,0.204908818446303,0.192543210971247,0.239646486948739,0.2227887570022,0.193374807292913,0.345247334931538,0.315146311279776,0.307529944592553,0.266268783867556,0.280840237432345,0.261949092611503,0.299590545501448,0.484009410925677,0.417612735017402,0.15077866971217,0.327386144744104,0.294052331054407,0.38822252547839,0.357711896664172,0.321649159778599,0.231712176766133,0.390345364635648,0.229330698024021,0.255629896160334,0.484417393130142,0.290444045717719,0.28976060154275,0.340082064639956,0.214633614297831,0.399023627356261,0.476085760537029,0.214172496469706
"Antilope_cervicapra",0.139794582320178,0.110567113420341,0.121135051918439,0.42682558560676,0.404205758676642,0.207619547440973,0.135005588345423,0.273443987591685,0,0.101675560449892,0.175005439343804,0.388765700446542,0.361563234073879,0.181562077628896,0.195332333552935,0.392736174733531,0.202871557939673,0.369604656622842,0.0299835350571373,0.23870322233373,0.280077689056712,0.341119713584091,0.175872526290039,0.214557323975316,0.337212544715508,0.158197895380443,0.243409459918327,0.412515423738342,0.368759272213536,0.359317708268863,0.381244378609649,0.403564053216915,0.102255220057394,0.330981738069422,0.339743754603905,0.175338869453125,0.292462641925068,0.32975859536067,0.126597948468851,0.301795096852875,0.339918433232647,0.14245056868003,0.418801449972886,0.336086009253775,0.189929319115276,0.124442779496733,0.363809164526764,0.124383239397714,0.143418519350922,0.182880381910996,0.147872560841978,0.161338649282935,0.192558424539088,0.157465710980424,0.402705946563049,0.400317970483225,0.169953350692905,0.100599527719453,0.207772556494631,0.0528582056147226,0.148474800904646,0.168722082343866,0.241188659522804,0.128016389931596,0.345376619781014,0.309939844635718,0.417297965042179,0.123391823075963,0.104776362689003,0.11741367632159,0.323039864971161,0.293170904411328,0.118902677705187,0.118276491465428,0.113866717755522,0.152710859190916,0.104461229957565,0.362535236410214,0.153215574700463,0.172309712087823,0.153616012310701,0.121950207867785,0.233491629736901,0.220776543252201,0.245618802798131,0.150758447183112,0.396300743392368,0.231079651416442,0.212453324449868,0.35156225123661,0.158627944385872,0.13608772446195,0.257644016508418,0.322135055332882,0.248251508787088,0.25368131466096,0.418123324068505,0.160845382925919,0.14979246967481,0.133277572228771,0.124645074964734,0.119683771347814,0.531629602686211,0.377231844957409,0.285706339782336,0.237537001453231,0.448683081158188,0.174408141712507,0.157524558420639,0.207433134872254,0.137412310959725,0.104013464095672,0.327606957569442,0.223261653966506,0.178357234808516,0.295226536019673,0.395679866401935,0.38736179011919,0.371307590386699,0.497264086917104,0.122241199021018,0.22716450855239,0.107601387676019,0.133652173375139,0.178649968664487,0.124217281117791,0.167523566540319,0.123698736650202,0.447619325595162,0.461706956894609,0.239705067591469,0.143075462547924,0.349698310828122,0.272890125097322,0.302744656153181,0.114281746474972,0.118391739295124,0.240900418525631,0.452344446151957,0.240291900557703,0.155377850583134,0.241314694675332,0.132136520612534,0.325266339699221,0.330692368975187,0.144545929059663,0.115152210569236,0.188152931801536,0.122774051911847,0.248388607469733,0.331754617664254,0.348128840541435
"Axis_axis",0.123025755461909,0.101828123761178,0.154279247874719,0.40601058320553,0.398729989255797,0.221545233484823,0.159929626898498,0.302058423560861,0.101675560449892,0,0.103151946691248,0.397630333589961,0.350896603349443,0.144413085001973,0.0965452574230239,0.400400032234597,0.118607388687645,0.359782732793118,0.111120334904209,0.142181484975009,0.245135201431997,0.383433825419642,0.233533585821084,0.25417274631734,0.314633927965897,0.196653830963064,0.251511680551413,0.433580452906912,0.342697046953281,0.328359624913871,0.34242412895309,0.321399411025857,0.113508142058179,0.238972514378703,0.247644641240363,0.122344079743651,0.202292752810535,0.266745787876342,0.121367556524654,0.207807449390243,0.247596068351523,0.132335739167225,0.384365142487973,0.297080291650283,0.190200030145844,0.115916125038357,0.34136777683306,0.112274821883269,0.12043760329487,0.172774776084556,0.131497042481716,0.138986842412695,0.176684055009708,0.192454413744306,0.423654749736749,0.418139355330869,0.186601246681623,0.132253412304724,0.175455780094346,0.136456795126308,0.193805075324133,0.178760843693327,0.282682307094327,0.134872054177775,0.287186253539852,0.293020920333979,0.374713417574766,0.109595105741332,0.117675623405706,0.118368660706354,0.232818595622515,0.20363208497766,0.0976113976392292,0.127375325353344,0.136275402159689,0.149934130961951,0.0960483129308582,0.333029217336987,0.15991233490276,0.167787056209474,0.13254061798911,0.131673380539527,0.180726039873527,0.137850167563171,0.210401884397671,0.109278321361726,0.323941593308282,0.135966658125669,0.11447372563052,0.325035693499353,0.162301876624491,0.143303766777691,0.16699079621063,0.230091617846702,0.256878643713123,0.242674310936545,0.397899534161743,0.151229814459509,0.164100539399069,0.160359544195663,0.172133579054505,0.123914800213711,0.523210419627595,0.40428259390882,0.32048810087904,0.263039338556673,0.446064778354967,0.157270042353782,0.0939638510318561,0.199504100711051,0.111436108313378,0.0951995291077101,0.235840349283998,0.154404071660839,0.136346802480491,0.205917802155678,0.400530945708711,0.40541575983629,0.31740487716055,0.467125973080071,0.13936473420492,0.204435629010401,0.111790939764781,0.124896169612532,0.156662464781405,0.128548965964041,0.102948718865322,0.0662364695952454,0.401022598875347,0.416033259873673,0.183625958875424,0.0443935509947515,0.261886442104318,0.187658590748674,0.299997842636214,0.112514783556348,0.0981934277541731,0.150485026626182,0.389673661914321,0.203690063176006,0.134863255352548,0.149587448428448,0.123035928030254,0.272860353141399,0.239120141694379,0.145823770500931,0.0934920612509013,0.128047859331549,0.126978297537177,0.178431690029063,0.235324512123394,0.324000542068215
"Axis_porcinus",0.17488321883874,0.173616306535035,0.199764214617348,0.401569278039287,0.403613746710053,0.264217811328632,0.192613535468394,0.322603625174657,0.175005439343804,0.103151946691248,0,0.41679674090785,0.358072112452937,0.166542194204664,0.117866435470104,0.402122654698063,0.172214589241636,0.354788585025288,0.174932922977222,0.112052734554214,0.237323444828042,0.399051324166194,0.279447230398809,0.306601797396835,0.33570024443123,0.241329261943787,0.289688585050488,0.450856771623433,0.341639411751028,0.303276614617187,0.319041321822202,0.270116266710933,0.172014286294124,0.242412554411709,0.248069705061552,0.156911531651162,0.214969738872309,0.288252149197145,0.198483390450081,0.217936385539664,0.248210698486295,0.159664660332246,0.378814424591514,0.278368011947414,0.215950471355565,0.165127023278366,0.343925486829148,0.191227810086427,0.171448126018923,0.201010974058095,0.181818840273205,0.189661795674339,0.24051641942189,0.237908996732858,0.440592378705039,0.431762657905794,0.221758938798396,0.208858746375624,0.227027818976009,0.190614427450417,0.236258907090061,0.224202865353579,0.31982419061791,0.206381364816955,0.28263622923731,0.315009542997044,0.384221802889649,0.159841708475665,0.203382857190325,0.149846383318208,0.233011741752362,0.21771990734931,0.166311308679372,0.210831579804615,0.180672903888382,0.227360021755247,0.152402042039261,0.356531795592723,0.234309313643463,0.237824323569544,0.182661345010074,0.199398127619685,0.172653367361903,0.178397036790218,0.197767250144981,0.191299094308511,0.324822568287525,0.169719427142988,0.112641327613891,0.341180426658472,0.23643011648027,0.209498455059866,0.202311444709043,0.237908072524087,0.287318422577479,0.250311147907963,0.38989900294982,0.187737450893507,0.240613256533769,0.194935441671991,0.215382027483625,0.200282442781535,0.53407669064628,0.418611510087471,0.357484150105455,0.300002474317114,0.457049487944054,0.175827617599635,0.146549643453838,0.250747348212034,0.181345711899189,0.174223565671055,0.239623454164576,0.20111670110116,0.173030135099106,0.220881134938674,0.409566148006181,0.419470652248194,0.334143045271149,0.465849873812514,0.17912400348813,0.229619139087543,0.151409895375097,0.157384783186796,0.187574221758226,0.207466163834036,0.0342146116198136,0.0719152429262996,0.401349852141668,0.417847992684982,0.188660906492138,0.0940135524074133,0.286568149497102,0.220611934220134,0.32468378445305,0.188966470281873,0.170499210414569,0.16810021896767,0.388883804653079,0.190636487638625,0.180010609089783,0.184765700511971,0.157641742907693,0.314612047202321,0.241330190467045,0.216649306654496,0.166244828507315,0.177092578111674,0.162298522095039,0.223968438714191,0.26293337732408,0.339094037627663
"Bison_bison",0.343631644887774,0.395750992731704,0.348042035268119,0.166332745095985,0.0842247808201761,0.220866601330723,0.320339407981109,0.129456319100796,0.388765700446542,0.397630333589961,0.41679674090785,0,0.161798688081773,0.326254140620125,0.4241123144896,0.153920264414711,0.452009235630657,0.185077908124307,0.38293073458105,0.448419465080289,0.24533690266084,0.185112502761387,0.328194025258547,0.273032146752452,0.189674753617767,0.30894096445354,0.195853645696058,0.147135280324652,0.174434471204759,0.196195591572221,0.235942914518824,0.383544476014358,0.36325201568894,0.549249443335027,0.557631120740739,0.334599288976167,0.51595069296245,0.349853643075086,0.449488939469361,0.510008938509438,0.557352553041204,0.315758140222059,0.212581558560644,0.260689267338619,0.243230805614263,0.335055383581082,0.179036534399384,0.42139109326778,0.363645790713271,0.249510310085534,0.34501639984251,0.335043409614112,0.370279520969188,0.300340666575494,0.134368976038005,0.174637401266124,0.273908638160627,0.439959370021899,0.341386014097806,0.370233243399719,0.322646413217178,0.312971389126467,0.214113770991395,0.383009484248525,0.208604149937208,0.211090104737755,0.173010621314829,0.348517246199233,0.44353441491706,0.352638826548809,0.545365514221842,0.484916174284667,0.379650797321681,0.452563744562699,0.345332370070823,0.464254886248364,0.380837169366303,0.177473255257783,0.408998199713015,0.383928241774252,0.357477660760156,0.399742257953054,0.405550385737944,0.435921173094166,0.383938520316384,0.407466111552779,0.396161603684906,0.442930902143811,0.385159029390722,0.18555161534041,0.414467575885529,0.411956966115551,0.466235880434513,0.540909174187637,0.16628889324911,0.203909916358434,0.107264684008184,0.285663931580732,0.42348503802003,0.323742300898331,0.378638735555961,0.446873432706885,0.231063074283698,0.143958898657989,0.187850354934699,0.174094815411867,0.136419947050132,0.300194551744996,0.364269565492613,0.221385640592192,0.378982123694631,0.399616785023116,0.546509716722877,0.363814839823885,0.308532131824666,0.520970527746851,0.135694254453631,0.131953302993937,0.207489907159095,0.203519611790216,0.316786312811631,0.249400691912654,0.350517275264196,0.320638119600452,0.286001303751585,0.451345160449914,0.408300577919147,0.407899777325992,0.194835495745701,0.197904678996069,0.312801272144381,0.382431856259977,0.53023128040712,0.469099634001486,0.182976960907912,0.433139228027783,0.39831358778148,0.456481133543983,0.343900482145487,0.382229912245991,0.336514121850634,0.459425278578411,0.326138269773562,0.268931542385045,0.550175911905738,0.402619494543597,0.393153800517458,0.417413277462951,0.327105120848786,0.457283669913525,0.527066759711467,0.21548166536586
"Bison_bonasus",0.308081029057599,0.362815005724837,0.328227866896357,0.0798673950040289,0.0974398052604489,0.205359386974133,0.303451147886397,0.157056205925796,0.361563234073879,0.350896603349443,0.358072112452937,0.161798688081773,0,0.255251598780892,0.369093635638397,0.191030609212805,0.377972745166417,0.0505169342561669,0.357252486905981,0.377210079915533,0.166105161822968,0.201585097635691,0.336037724466986,0.292149094074576,0.149577123639263,0.314406336635673,0.164194730968272,0.203911938261762,0.0734384500580572,0.132081631228505,0.135853094283635,0.308332215561782,0.32410776560227,0.456320841517343,0.464100657773676,0.274396613782068,0.429059524312484,0.279323222995696,0.417920014028442,0.428043621016062,0.463792074529837,0.276706936544451,0.124695015940069,0.158796584714687,0.215037882700098,0.302887524565129,0.0777643948791627,0.39118014718789,0.325173602562298,0.219911621888946,0.313954431073832,0.302717098067149,0.34730483655622,0.293067131234698,0.19887718531023,0.189801404936992,0.26255050138332,0.408083332201451,0.296527647358869,0.351098522781244,0.318869705533169,0.306174452955781,0.226156060590976,0.364625187599824,0.161494756584465,0.226643445172342,0.158477691846826,0.31232792364322,0.41153565399482,0.316247500881601,0.454360476396888,0.401084926624815,0.343831829209234,0.42289817739305,0.327877523220662,0.420985440035483,0.344678759405391,0.164973310343584,0.393234248507283,0.371611820967372,0.322164363896233,0.3754118261065,0.324653946549791,0.35780452189714,0.313226901812054,0.327241135335927,0.31421940270654,0.365248175159139,0.323523088815534,0.105712629424131,0.392571137941881,0.394113249249772,0.383836655597823,0.44931705342822,0.182222045077688,0.14644635662488,0.144811685373049,0.256966576190907,0.405877418360943,0.307490458580558,0.360787235407007,0.412973267951666,0.251735424223455,0.178167668757133,0.212249383647322,0.194833276086622,0.185726136870496,0.242817919420953,0.318658377893587,0.211278418787738,0.343587985288225,0.367343592879713,0.45394328393302,0.294044140590026,0.26066253505202,0.431685851232653,0.181956055357215,0.179479103730584,0.186091584306614,0.210265186199645,0.294519220872909,0.227273500578985,0.317226410877283,0.286387702323214,0.256339408849862,0.421554683480191,0.352702898181821,0.363594037672152,0.163348997253332,0.191541713228531,0.246655768778558,0.33454567324642,0.429258993637628,0.38702214428928,0.11993110971028,0.396831468044933,0.359666780390187,0.386471824557751,0.291471622767591,0.307428206316046,0.2966796180167,0.375929096659308,0.291438866817364,0.26063903579865,0.457746459929993,0.378121396145904,0.356396322652311,0.346657299882533,0.298283669144441,0.375932039260907,0.434298744401863,0.236591589079667
