"","Aepyceros_melampus","Alcelaphus_buselaphus","Alcelaphus_caama","Alces_alces","Alces_americanus","Ammotragus_lervia","Antidorcas_marsupialis","Antilocapra_americana","Antilope_cervicapra","Axis_axis","Axis_porcinus","Bison_bison","Bison_bonasus","Blastocerus_dichotomus","Bos_frontalis_gaurus","Bos_grunniens_mutus","Bos_javanicus","Bos_taurus_primigenius","Boselaphus_tragocamelus","Bubalus_bubalis_arnee","Budorcas_taxicolor","Camelus_bactrianus","Camelus_dromedarius","Capra_hircus_aegagrus","Capra_ibex","Capra_nubiana","Capra_pyrenaica","Capra_sibirica","Capreolus_capreolus","Capreolus_pygargus","Capricornis_crispus","Capricornis_swinhoei","Catagonus_wagneri","Cephalophus_dorsalis","Cephalophus_jentinki","Cephalophus_natalensis","Cephalophus_niger","Cephalophus_nigrifrons","Cephalophus_rufilatus","Cephalophus_silvicultor","Cephalophus_zebra","Ceratotherium_simum","Cervus_elaphus","Cervus_nippon","Connochaetes_gnou","Connochaetes_taurinus","Dama_dama","Damaliscus_korrigum","Damaliscus_lunatus","Damaliscus_pygargus","Diceros_bicornis","Equus_burchellii","Equus_grevyi","Equus_hemionus","Equus_kiang","Equus_przewalskii","Equus_zebra","Eudorcas_rufifrons","Eudorcas_thomsonii","Gazella_bennettii","Gazella_dorcas","Gazella_gazella","Gazella_subgutturosa","Giraffa_camelopardalis","Hemitragus_jemlahicus","Hippocamelus_antisensis","Hippocamelus_bisulcus","Hippopotamus_amphibius","Hippotragus_equinus","Hippotragus_niger","Hyemoschus_aquaticus","Hylochoerus_meinertzhageni","Kobus_ellipsiprymnus","Kobus_kob","Kobus_leche","Kobus_megaceros","Kobus_vardonii","Lama_glama_guanicoe","Litocranius_walleri","Madoqua_guentheri","Madoqua_kirkii","Madoqua_saltiana","Mazama_americana","Mazama_gouazoubira","Mazama_nana","Mazama_pandora","Mazama_rufina","Mazama_temama","Muntiacus_muntjak","Muntiacus_reevesi","Nanger_granti","Nanger_soemmerringii","Neotragus_batesi","Neotragus_pygmaeus","Odocoileus_hemionus","Odocoileus_virginianus","Oreamnos_americanus","Oreotragus_oreotragus","Oryx_beisa","Oryx_gazella","Oryx_leucoryx","Ourebia_ourebi","Ovibos_moschatus","Ovis_ammon","Ovis_aries_orientalis","Ovis_canadensis","Ovis_dalli","Ozotoceros_bezoarticus","Pecari_tajacu","Pelea_capreolus","Phacochoerus_aethiopicus","Phacochoerus_africanus","Philantomba_maxwellii","Philantomba_monticola","Potamochoerus_larvatus","Potamochoerus_porcus","Procapra_picticaudata","Pseudois_nayaur","Pudu_puda","Rangifer_tarandus","Raphicerus_campestris","Raphicerus_melanotis","Raphicerus_sharpei","Redunca_arundinum","Redunca_fulvorufula","Redunca_redunca","Rhinoceros_unicornis","Rucervus_duvaucelii","Rupicapra_pyrenaica","Rupicapra_rupicapra","Rusa_timorensis","Rusa_unicolor","Sus_barbatus","Sus_cebifrons","Sus_scrofa","Sylvicapra_grimmia","Syncerus_caffer","Tapirus_bairdii","Tapirus_pinchaque","Tapirus_terrestris","Taurotragus_oryx","Tayassu_pecari","Tragelaphus_angasii","Tragelaphus_buxtoni","Tragelaphus_eurycerus","Tragelaphus_imberbis","Tragelaphus_scriptus","Tragelaphus_spekii","Tragelaphus_strepsiceros","Tragulus_kanchil","Tragulus_napu","Vicagna_vicugna"
"Aepyceros_melampus",0,0.0627436540568374,0.0725480729060915,0.407244642986954,0.390405713579821,0.129264531390221,0.0321492364616939,0.239860070165174,0.0946431908271515,0.146205242025128,0.134335104855702,0.405361084843349,0.327081794440167,0.155074157623643,0.174231645089169,0.426021888964403,0.194163428008648,0.29883067264382,0.106228820843583,0.246720808984213,0.279176687949167,0.359009958523997,0.0490849355336286,0.408791361349333,0.479645294201986,0.138473229407555,0.236451939984676,0.457180112601423,0.346642116314316,0.383961609497646,0.317701229699367,0.349587855195214,0.0941083264618238,0.243263431955485,0.22710519911547,0.144195374713133,0.205456304006206,0.314461874105851,0.126403814226728,0.241978745410582,0.246843456023443,0.095205072045212,0.359835337620158,0.327196878635614,0.140152077532118,0.0200039673410083,0.352680446516261,0.050470546012346,0.070735296251098,0.133607966061969,0.0774225302908345,0.0816184502971738,0.131908863310257,0.136280981026796,0.464012265802275,0.447293971978087,0.0949595839930738,0.11830949608897,0.121514380993787,0.0866430644791307,0.14407909424747,0.136046989742417,0.233800960323021,0.0212677973142617,0.30308449962464,0.172108452413792,0.379848205104413,0.0153027243483507,0.113112259195544,0.0502985961160806,0.169155922501014,0.233536473533858,0.0752187771354109,0.12501880033902,0.0796154042004881,0.0995069115823704,0.0825976738563789,0.276439917961811,0.0847699932051083,0.0969898098510754,0.0648592279548439,0.0866714983220201,0.24539424283685,0.195955019145587,0.273217243700962,0.150544203588919,0.351828945292639,0.208069517751193,0.191444307327974,0.353281872373471,0.101311226442833,0.0554970635608091,0.230748818105686,0.181522039644659,0.241625723914762,0.25383999523286,0.416604116063695,0.0571914086373537,0.0614214880370374,0.0666461359389521,0.109575591432848,0.119801574513448,0.47362072255963,0.427276647686165,0.374331190376119,0.295696115901485,0.428286937490615,0.146506785981438,0.143592475442262,0.187715345420325,0.0866040298967876,0.0704210632496194,0.233070732151568,0.190163724798582,0.0785056523511875,0.201644373536408,0.441172097644916,0.327240970452507,0.368560410233115,0.418732262756916,0.0632708135117618,0.166322407751249,0.0542322952331187,0.0374265044724199,0.119475331735127,0.0993577100479772,0.131733060481138,0.145059357279246,0.437727506613754,0.493447658820614,0.240621977333848,0.148618339319557,0.348471795548031,0.154631476385238,0.399734887503422,0.0950825359226214,0.082071102954681,0.208034874941602,0.424943187980089,0.250650381344859,0.0720741182201738,0.222069620344788,0.0558369021264766,0.265164179637228,0.231591917141207,0.0790594736429968,0.0792281921672798,0.160343022455631,0.0457469509919915,0.181038744653891,0.244223807858261,0.239534423931401
"Alcelaphus_buselaphus",0.0627436540568374,0,0.123809255371435,0.400128155353809,0.386388201487453,0.135987911792908,0.0737218307098548,0.261912190928903,0.106960513245647,0.120238727235544,0.116127666938016,0.408546083643027,0.324418620717841,0.128776451499577,0.131015852858438,0.443012654029184,0.146580151657122,0.297578351604496,0.121350718595104,0.198099377925805,0.260154239027907,0.381085455032827,0.0925801429349902,0.428215542943619,0.490413280552403,0.16810018929834,0.24374286885035,0.476560751061962,0.334519829186518,0.386540497487485,0.330317093522565,0.316192578099029,0.0521550336763087,0.183082436650147,0.172788095094138,0.0994062539945384,0.144102831634384,0.265192682580063,0.0899372347093664,0.180606182766959,0.188811033678095,0.0872136428444336,0.345891126161842,0.303203781732266,0.137258435973613,0.0710955906942214,0.340215323571384,0.0350255878658906,0.014609795158608,0.121772886385231,0.0557051637759763,0.0516341339888321,0.0999185752069858,0.167367660692497,0.482829686750873,0.467301866821322,0.107850857397489,0.103984699332189,0.119878553912006,0.132474367806188,0.17593661036205,0.151033115010576,0.264737696247085,0.054193219797122,0.264432125627038,0.137759551636254,0.365618370724452,0.053358444905876,0.082200384391716,0.0358562721373091,0.109966718020504,0.172137896743337,0.0180952851060777,0.0956035963250143,0.131669150777291,0.108387901632404,0.0718269115051728,0.282769818016164,0.0653187881948996,0.0675346010928411,0.0483014080623734,0.036666712009398,0.19139859448662,0.145629431530491,0.220635380054088,0.114910185122807,0.304736842074469,0.158704158659366,0.146974383742426,0.341116612804486,0.0835737141318961,0.0499681456599483,0.173372651323532,0.120393525444472,0.245879580443143,0.237407056328061,0.397909784782549,0.0869559192422123,0.0719586814546115,0.127491696154811,0.151055480795337,0.088934115649032,0.487041551916941,0.446638107178767,0.393067950926647,0.287746339909508,0.440056125766739,0.103665098824788,0.101829125061083,0.144017966080198,0.0266447183709117,0.0192986807855062,0.173530999759802,0.127979585802531,0.0442540283645995,0.14443584549255,0.450199308458625,0.34807216502185,0.338462037871221,0.409876073084187,0.118864504623012,0.160053044855162,0.099853143368246,0.0908784150270164,0.102207515483694,0.0806928262810225,0.121571125498133,0.121620484273694,0.415660972062882,0.499990163744338,0.202215328231608,0.128614312295765,0.297611516340168,0.119098076593688,0.417216149528595,0.0535951051825885,0.0327290631196541,0.158710842748035,0.382431703707946,0.21667736532077,0.056540922240084,0.172161973055152,0.110366110877246,0.214739158166406,0.172133387751141,0.0537205575117908,0.0245995032482628,0.0998331080215795,0.0940891654940846,0.133776006289994,0.196570559868167,0.244670403648179
"Alcelaphus_caama",0.0725480729060915,0.123809255371435,0,0.463722345963067,0.446337741229843,0.172210756574586,0.0506221853109601,0.286421819315009,0.0965470568136111,0.189810431337668,0.179401465340113,0.457274751877036,0.382363135243025,0.214639040505085,0.236398472767037,0.471914754656758,0.2323489678033,0.352381161799675,0.105469370895199,0.296571242739263,0.344961933072248,0.399845463741104,0.0816854724714645,0.453216029974635,0.523308790938408,0.162633595675088,0.286689842618874,0.50180005053344,0.410193117595683,0.436855135787201,0.378372306090624,0.417141801866981,0.135434401592527,0.290207845173075,0.290501098606355,0.187129075259445,0.259308519811058,0.387000286147274,0.139968819559922,0.292461049933509,0.292375126735069,0.165316407438575,0.421999341497776,0.389084155389163,0.200333944541803,0.0795210378121295,0.414138785532178,0.122008671070657,0.135210472642886,0.202892993482531,0.149960942332257,0.153605024097246,0.18411806657525,0.152317612345832,0.508010542990943,0.489953174463441,0.152125467598308,0.100538224019399,0.185011203292289,0.079028479293,0.165661577625269,0.174517740013523,0.269905539894931,0.0752125127759704,0.373374703451409,0.239248881397565,0.446655273498738,0.0830241610872466,0.123082648971765,0.112771043382637,0.231537031728582,0.287223433080896,0.131107742377045,0.122000123018411,0.0127639205807971,0.10516010019863,0.0772176173224855,0.326935744976586,0.14262185199473,0.147016827162253,0.13630225768423,0.144197360441388,0.298876293102939,0.253250754132725,0.312297390600337,0.18978769836247,0.42353539780565,0.266564538073416,0.258018009025951,0.412897527265897,0.152824624843196,0.109069185261911,0.281404357921452,0.236835207533301,0.297613507122138,0.315411656794801,0.473460930372566,0.113122678650162,0.110672875604544,0.0416268801987898,0.110128195325525,0.122138361124417,0.514724383619015,0.469851587089829,0.412438138544271,0.353384889738769,0.479724257543336,0.216918975417179,0.213955630620518,0.260253757461748,0.145392274421804,0.120729735749778,0.295528065164113,0.247427192900252,0.148730378406046,0.24148053687193,0.489053164752898,0.384929091097759,0.435647395936436,0.479452484967129,0.0212995776868029,0.221242896032048,0.0333092531635826,0.0490556935880653,0.191181784248137,0.0982067797993337,0.168534183091732,0.197048500589555,0.506192982323319,0.542708293823851,0.310655251355099,0.212652779558856,0.392696873245674,0.205891140990101,0.447568292081596,0.119249948023441,0.127148426979429,0.262381800961052,0.495233391806857,0.318498005568554,0.144612530261596,0.276031688215104,0.0713018935327893,0.336870632150239,0.277245530932161,0.147072236577089,0.134086737551021,0.220564534898675,0.0319554099042409,0.217305427619992,0.283429529681982,0.297861860776023
"Alces_alces",0.407244642986954,0.400128155353809,0.463722345963067,0,0.0768345654954428,0.328246961807542,0.43624268208579,0.229205585577379,0.43602510683011,0.40979332701264,0.406371542969515,0.151842206647152,0.0909997445649364,0.330469872475494,0.393704916501316,0.191245520523929,0.422916682349822,0.14740218985702,0.435003723677966,0.41082228248761,0.228630832828016,0.202756416688368,0.389577309594113,0.168839772182675,0.209530288051328,0.357104732940973,0.221581133731024,0.190848665541282,0.0865646720406223,0.112120697897119,0.148423351519439,0.225379878645437,0.418877388625862,0.428246881134695,0.402947869479429,0.387219775046119,0.40923378630015,0.291190541527903,0.476819453945361,0.431722033241254,0.427516785135715,0.338832879932165,0.0863923434231695,0.206777368842198,0.291149990858329,0.394944719902533,0.0791307231734953,0.383289441517505,0.394801649608208,0.292816949667194,0.374771948765074,0.366189171743422,0.414680362658807,0.375281226667305,0.214591157636971,0.207129996434086,0.343752262259538,0.499908331963282,0.318091225126074,0.430473335256875,0.351041436028237,0.350560381073812,0.261527596812662,0.420295041197612,0.213687575270469,0.285088251447488,0.130441122125262,0.399616436457806,0.463996184289484,0.398543990074784,0.389081985043112,0.415115489969306,0.404106651014296,0.484792514578788,0.460238835522601,0.478526677943655,0.461163112692789,0.184692869672542,0.426565617783179,0.434933309572718,0.378820404994583,0.408539790957438,0.425112603765603,0.406491877677937,0.46582565525287,0.394008954458548,0.307828272079797,0.40316037935659,0.388670772716868,0.102628524588912,0.426955489552375,0.395175222972091,0.414983780936673,0.401087658648406,0.200147902510209,0.198630345664992,0.107019329334676,0.367779609685113,0.438116901496883,0.446412659826379,0.416192971913395,0.479978233345484,0.208951937797527,0.178907106740116,0.177525793079894,0.160040299577819,0.14577375392728,0.352016252531256,0.354022675633938,0.289901599300823,0.397873785128463,0.412254424231199,0.398821002212397,0.387628200464577,0.37412254112209,0.438562352463774,0.174209243442456,0.165877836826689,0.203939092842563,0.098481740338514,0.44687946397628,0.276666921484381,0.443770601419919,0.424558433532025,0.31823220876694,0.465473048759302,0.425722038778799,0.413320688948889,0.141465494695231,0.181898707540549,0.314572856816001,0.365417741456948,0.473481570115639,0.396422294276629,0.137702045278395,0.440243607459671,0.417810579886409,0.410226784923242,0.20852381607909,0.43321606017253,0.361546107348328,0.421691813179623,0.417097197757064,0.312977095417526,0.420221954166525,0.405297211056062,0.401728266602786,0.389029162464544,0.443299412526267,0.419084532012365,0.44358369310278,0.202603718125991
"Alces_americanus",0.390405713579821,0.386388201487453,0.446337741229843,0.0768345654954428,0,0.306625902406118,0.419556054365088,0.182834225005789,0.420518314563003,0.40498490060899,0.397471133744356,0.0980323118566783,0.0918196536733586,0.321071117071656,0.385972579477371,0.161068891137673,0.426418592978846,0.130454958452715,0.410548653214373,0.423226675224916,0.221190884468137,0.147332517321886,0.370513820960334,0.134037024759604,0.202160665749341,0.335776548025981,0.19801160522557,0.176289488823405,0.116402799322906,0.0761727708925786,0.13076344245156,0.241076409592965,0.406171914675285,0.43670045615919,0.419035903226059,0.385967090399427,0.405835003171697,0.287537293597617,0.46436029726476,0.433055011716264,0.440730705775794,0.325128190132254,0.117343959105945,0.211086149185526,0.275008044748741,0.377560115169309,0.114492228307431,0.369302148595405,0.382333870191265,0.279353235093502,0.361087324491271,0.352551210873679,0.401042401789064,0.354147291298137,0.193577757027457,0.180158959858805,0.325481286898739,0.486256368967355,0.301860104222476,0.40140926821975,0.332726617024365,0.337339420208209,0.208060585587958,0.403578720502552,0.212560287040877,0.266984187424088,0.155093673580916,0.384286229307472,0.450692109641644,0.384812876452467,0.38291346671702,0.412962504120831,0.391020718589213,0.471531653150871,0.444133140277471,0.46143115909485,0.4464767842915,0.172283457369459,0.411960868345048,0.420818869882726,0.364762068877007,0.395930337352603,0.438975530494267,0.403061223418169,0.477908482268439,0.382646650468001,0.322649252730755,0.400268717304742,0.384131462319984,0.136449461014413,0.412432895330975,0.3808925760447,0.424124839985773,0.393415210264114,0.162455262340173,0.175009881133383,0.106713947854837,0.350547306638321,0.42127797208975,0.425881303686857,0.393861666237847,0.466861870468283,0.202790330585333,0.155733913207127,0.138396734028727,0.125488277871518,0.121739253263115,0.339254497239991,0.341887696087155,0.274699878186042,0.385414628447862,0.399038775437519,0.387839899719019,0.381828856534257,0.360529003465277,0.427549111637479,0.14982159011295,0.141083494083281,0.203763030378477,0.12595569330945,0.430504823075801,0.257625156903935,0.426538298373126,0.407719504124893,0.304390762991208,0.451744228011404,0.413112585173964,0.405965366239671,0.192232102935508,0.186365884645138,0.325182031904714,0.353078644940536,0.502304162730973,0.388622107795366,0.126429309269319,0.42778445077907,0.404724647461325,0.404997605024657,0.240081659657195,0.44273048814601,0.347071766885078,0.422360963370485,0.395683796483482,0.298729888566113,0.425789515227773,0.391659250186319,0.389269109922185,0.381116230621235,0.426612784805565,0.416729085367373,0.44875713105884,0.18627237685733
"Ammotragus_lervia",0.129264531390221,0.135987911792908,0.172210756574586,0.328246961807542,0.306625902406118,0,0.148225047899997,0.184166999210653,0.163422958633398,0.180529296382273,0.179619770204265,0.319645810590767,0.2526590241648,0.180572912799509,0.183496038739127,0.361574469624383,0.223486310910767,0.227454366528537,0.17702478092977,0.261441420966249,0.209940119578366,0.288435377147731,0.117208877084556,0.33347150265016,0.387474453615471,0.0882962439330008,0.12272542704607,0.379951887281993,0.264336267286751,0.3027727010826,0.26395794680154,0.271120546792651,0.159246454422987,0.257888278624163,0.232163944064117,0.171132001278728,0.21284482504721,0.23409942763875,0.206241928778952,0.245388565987875,0.264639320134708,0.0997724573010571,0.273992956827435,0.253451716107319,0.112971064823855,0.121975828121266,0.274324087064704,0.115314361935075,0.137198405882716,0.0941098717538813,0.112563655233325,0.112333586109669,0.150262231790195,0.103089047227495,0.392826326703417,0.384759701504759,0.0695153368745819,0.214668430786241,0.0564363554924717,0.18640077637248,0.100596992431745,0.0878060643922303,0.188517140211047,0.137296572843723,0.219453219976855,0.119245186772898,0.294917950124169,0.12996722592314,0.180827789274495,0.148054376522505,0.176186281238201,0.234786559853207,0.136971031642627,0.203524250788543,0.178758834262147,0.170129271117436,0.1801286802516,0.179676097010304,0.138878019556267,0.143191020352719,0.110561890207475,0.149255790039292,0.259361713552391,0.215044177954027,0.292233042731739,0.173158578922221,0.281128636844072,0.217179295658496,0.191644115306387,0.262593324356872,0.13889141505714,0.14798179369434,0.242961625561886,0.190802791611382,0.166953492299637,0.183498463137059,0.330814667682473,0.0855173911111771,0.138059118017421,0.167639195562345,0.138878874737712,0.198559820220498,0.393673845437904,0.352258703890948,0.293820068419106,0.217683983297262,0.340246044166912,0.148788613977334,0.138789596313941,0.113078652548411,0.141646503320914,0.143025582309657,0.211691805340836,0.192558939495446,0.114644282988503,0.225204631390439,0.367540228329835,0.278951350465611,0.282917779822977,0.333741850318533,0.166633303928488,0.0786175400144835,0.16597435113764,0.147672979959509,0.0902185680086319,0.183027408475096,0.19242234158553,0.18305611458899,0.358414149956294,0.402174513784317,0.185390593495327,0.147455702340908,0.358568034311413,0.183537427632837,0.306116156673125,0.171165811263107,0.148141318290847,0.217288537342554,0.334725282093796,0.275158315466348,0.104069255453486,0.238623573583213,0.137828563879073,0.198999877682457,0.246124984598223,0.131369878811466,0.141339382653703,0.174316220176117,0.165276701558625,0.205111077123039,0.262438263865986,0.157813249581039
"Antidorcas_marsupialis",0.0321492364616939,0.0737218307098548,0.0506221853109601,0.43624268208579,0.419556054365088,0.148225047899997,0,0.263523015231258,0.0943065151818583,0.155479976268197,0.145111459000806,0.434161760927085,0.354499944922552,0.177858275890681,0.191252489504317,0.452771902634041,0.200026936902415,0.324101993546713,0.107218169865204,0.254601359702126,0.307923101785422,0.382394268962639,0.0606363894681555,0.434747560649328,0.500733004605459,0.151259940663968,0.259911695492344,0.481366448974673,0.374237249104529,0.410596790827672,0.347325433551008,0.375127782884665,0.0985160366464691,0.245635265839969,0.243634790256794,0.151700536439503,0.212837641006756,0.337750711272665,0.117369976359594,0.247079496795806,0.250579539962627,0.122002648307884,0.387461410943552,0.355287395571789,0.165205742494167,0.0477255810538932,0.380275579306473,0.0717449167085867,0.0849738890578775,0.161916065794337,0.10115973103874,0.104632654377233,0.141107764149706,0.144958999871914,0.490149884359829,0.474631978629886,0.11448677113376,0.0962968951191368,0.142705788094126,0.087161854621501,0.155352415308414,0.147197270022354,0.251849139227115,0.0280731921571513,0.325854696893253,0.196217827483383,0.407081541496586,0.040206902950567,0.105010952213546,0.0700947967580437,0.182465829449651,0.241185158428011,0.0828942207193244,0.107997709423671,0.0588784362440371,0.0827732394282254,0.0615005474867319,0.300538786171162,0.097119077145497,0.105239765701113,0.086544734855487,0.0974508494950504,0.252709173448409,0.208281132262518,0.276721916161447,0.154925930639658,0.373837747259711,0.221004091414184,0.211004312092546,0.380829381310861,0.108775591646378,0.0738801404009342,0.236128737818742,0.190404468518387,0.267101057348563,0.283950530213197,0.444510081079268,0.0802581918709469,0.0692427641832391,0.0580723749378204,0.114990977054787,0.104666754479543,0.492796337805012,0.452333616599326,0.396111215193108,0.325806650881822,0.456138522387465,0.168382833670924,0.165672824591944,0.21100418258714,0.0972250386162103,0.0757557786699624,0.245460912372639,0.199665854967113,0.100177282871009,0.203664770930824,0.467142418849543,0.356188046789644,0.394256189407104,0.448391322042968,0.0464974568167007,0.184157877168519,0.0394649842118069,0.0375682870159731,0.140559598937177,0.0836652708776516,0.140226766663022,0.157124104826447,0.464761896227188,0.51700219735213,0.265216235323073,0.173392364213243,0.355740918663144,0.165192060650918,0.425065596111945,0.0896270411771136,0.0834557193181815,0.217510326562988,0.447713385248702,0.271980788861853,0.0958290004094096,0.231899594327142,0.0674826644665832,0.28716647081138,0.234155864219119,0.099674152471101,0.0865356024816855,0.172836887514454,0.0246929727449342,0.186496712412418,0.250013450546433,0.265043136543305
"Antilocapra_americana",0.239860070165174,0.261912190928903,0.286421819315009,0.229205585577379,0.182834225005789,0.184166999210653,0.263523015231258,0,0.283667279820711,0.322355558193924,0.306679238852641,0.192008574156085,0.15285290738144,0.297386143774552,0.332481246514411,0.23854635290988,0.372133876691824,0.113371470161505,0.274034200290526,0.404091009309689,0.193600768578173,0.162110455837966,0.224817459116312,0.211859462120723,0.277638408731701,0.20787729773057,0.130045706994275,0.258068845773219,0.192677236203379,0.176258697342567,0.164435149271422,0.261317138766505,0.296751291412899,0.40622103500523,0.37330880505563,0.314673498746865,0.360899234465976,0.325026477022922,0.34595727884777,0.396751165801957,0.411200866986713,0.213287690960534,0.207159999993425,0.224578650536864,0.155224853868213,0.224097539272029,0.204001072680978,0.232944418277621,0.262175978272341,0.174352885630614,0.228080503378613,0.230655452624171,0.260473393654635,0.221668806042071,0.271097330714367,0.257456275897268,0.173232692533648,0.345654316110235,0.179646058503096,0.255002637296804,0.199100785067823,0.228112498603219,0.0921122688882399,0.249909400759129,0.235592290402043,0.195479545594591,0.25065949173525,0.241992051050863,0.329652454449866,0.261466762442952,0.321540912320229,0.384663280365128,0.274905725647487,0.347721077125638,0.285206879338767,0.318899098985267,0.309396007181469,0.149337472744063,0.269234533061941,0.280036188875325,0.229908894059175,0.281003643772551,0.407466836861301,0.361266951839005,0.443812573010322,0.330316306418702,0.368684480658582,0.365946005976285,0.33940480230488,0.209930157085927,0.266916820522148,0.248629066491812,0.391208321864208,0.339131229142562,0.0782350307686226,0.14657012505014,0.23160556442581,0.19965144293012,0.264065021858912,0.265442263710577,0.255807235388044,0.342181152913759,0.275585852680673,0.22656635215941,0.176789871438273,0.118173329715189,0.224550884102282,0.28061168244475,0.280341670214345,0.242122522009056,0.273038767403958,0.276092272030397,0.351697036666183,0.340783594372737,0.24606390575057,0.377029562234029,0.242855249065999,0.17293655561782,0.263375236002197,0.248157115710153,0.271569260265921,0.175168450825211,0.282915266928143,0.260660381934972,0.188381227118004,0.319497730074772,0.319872746120884,0.31873249003879,0.305016187748591,0.294652088236998,0.303922853655899,0.281343547042651,0.505327665212364,0.32923545208827,0.1948420832258,0.308801182439867,0.287278607937088,0.368590523186834,0.317169695655504,0.40658347994081,0.213417157604325,0.386997386634365,0.236471082187819,0.305595266352118,0.394551612635128,0.256218192295087,0.277160973606442,0.322539818496963,0.277346476733352,0.355168300136265,0.416061818622787,0.141435426756074
"Antilope_cervicapra",0.0946431908271515,0.106960513245647,0.0965470568136111,0.43602510683011,0.420518314563003,0.163422958633398,0.0943065151818583,0.283667279820711,0,0.128251511835087,0.125770001408473,0.43817417089071,0.357512948745507,0.184327389705877,0.177934222885847,0.463152873242976,0.188196702138652,0.329044084205885,0.041477241378395,0.251903669929279,0.272057403212149,0.393726842733751,0.0915947977138463,0.442825649426952,0.518149064251918,0.167843353014842,0.253864202563008,0.49817150491096,0.378517032238866,0.418032165099233,0.346993456588156,0.366157598205298,0.110271744024621,0.243564579073372,0.237441602434078,0.146491486055844,0.21199489928014,0.331197468068526,0.117019774453412,0.244398783014947,0.250638705862593,0.142367361835789,0.390148639853119,0.317774249945526,0.182229712594435,0.105434043914004,0.38507286368094,0.11256141966809,0.115764805996316,0.17889354933983,0.129528397408484,0.129882275476992,0.179129822257145,0.145317172665511,0.505020651516724,0.485381400283554,0.160602834295813,0.0992122570097549,0.176130404453136,0.0812248611326571,0.167987578269974,0.158741799773382,0.273706520730921,0.100670049091113,0.32427858526327,0.217894167243229,0.42509329193703,0.097916484957598,0.102303350218324,0.104487484720279,0.181501384418183,0.239754974199324,0.106065939412439,0.112099252558549,0.0956960968475007,0.131602728892784,0.0919691570745815,0.330296501854163,0.133309553887229,0.133140556882231,0.125377635419703,0.121080286122156,0.246383756010969,0.198723930096906,0.264768515661002,0.141525603665618,0.377509950913508,0.209552210402211,0.201502771641347,0.384508110590898,0.152297203971226,0.118709340950341,0.232970477491072,0.189892359190468,0.283506299734804,0.271630730227707,0.435483030260851,0.129728446335469,0.129051283791043,0.106375510521704,0.133821038368994,0.111738876840876,0.512337366363498,0.46440586156341,0.407667038261386,0.321117053000461,0.46326279418154,0.167671118706153,0.160017370410849,0.218407282862746,0.120389825537852,0.0996091422628673,0.244228752893713,0.202391934300946,0.121427678950806,0.199373970778209,0.477725299633335,0.370874369989025,0.384369643685693,0.448795074452094,0.0926792656058777,0.213256041252488,0.0894140600856257,0.0777103229779582,0.169079346625353,0.102581482384169,0.116558657621011,0.134966577500217,0.4747425156913,0.532208389516891,0.249047840717365,0.152800989539167,0.349761159330426,0.150474442415075,0.433407765475549,0.0995170849974313,0.102384146546322,0.20591231011438,0.442019701216684,0.271442226742726,0.132023547197258,0.22215050445427,0.105566642593328,0.294657478670036,0.231201919034511,0.116953725836558,0.105393032759095,0.173674010038996,0.0919168490116433,0.16027889019668,0.231839251918268,0.295136932493422
"Axis_axis",0.146205242025128,0.120238727235544,0.189810431337668,0.40979332701264,0.40498490060899,0.180529296382273,0.155479976268197,0.322355558193924,0.128251511835087,0,0.0458373517654871,0.431220025189046,0.337293930859802,0.134674443987332,0.0518474888496024,0.472036332245168,0.0800774298975528,0.321330528134596,0.143817511202544,0.125299998975611,0.223878790101517,0.430345808733889,0.162081020416181,0.448684651905164,0.502370780538558,0.219887154399425,0.265736995326978,0.489707945566441,0.343803090807975,0.396727065010826,0.357606543482066,0.260338868233805,0.113493406885599,0.163584846775657,0.118577341979723,0.0818593682801292,0.12824089975202,0.248062025796459,0.131616262154384,0.145798430849665,0.169016238321577,0.136047356722118,0.353983228133073,0.259636780623922,0.19303781180431,0.155943050284895,0.35204300290463,0.138821152973916,0.119247125358539,0.169223481722336,0.1328867316976,0.123963015366348,0.18165228022129,0.203751203740015,0.502246391551868,0.494672714310618,0.179427151791436,0.161435534546241,0.17483570387326,0.187867480637581,0.217973091034017,0.192860763346607,0.322890957837358,0.1507800387906,0.244380918975624,0.18859205142426,0.371852769743421,0.135022314912596,0.1364872343409,0.123700785674513,0.108827856633153,0.158266388979375,0.108283519736586,0.157554939542949,0.195303970135834,0.174821829388819,0.145119269280671,0.318306797060672,0.157158253621356,0.153946386448708,0.13474859006782,0.118843404046602,0.134355938181916,0.10762482056479,0.161865425110779,0.120124622633057,0.283075254398751,0.101159279024077,0.0769448536942206,0.348589981351533,0.17006988343712,0.151193160970638,0.130786102529156,0.117110275324618,0.297782369213392,0.246904092790729,0.409279944095676,0.166395926829778,0.163599330416543,0.197040665006465,0.20848469827627,0.152328712722707,0.503929659936559,0.465967224115601,0.424053076221074,0.304825995161458,0.449823939258842,0.108648023695047,0.10032817786264,0.171737708507867,0.112322151304258,0.109901693146374,0.156835772881533,0.132252822876115,0.107725415255936,0.134619234767111,0.465941079959143,0.391481410206026,0.312313974938503,0.41596694642807,0.184612135550202,0.21123784386936,0.164912367448337,0.154984001172746,0.161628984581699,0.15018991551477,0.0592065922571253,0.0296339428606666,0.408264044008057,0.51231097388484,0.158824674989269,0.058254519727771,0.237131219404178,0.0376149181904041,0.428061807030774,0.117254474910304,0.10419633224707,0.102698163584851,0.353731363808436,0.179071698900497,0.141449516975013,0.122051369274559,0.178223357487824,0.224216509787177,0.150161341407093,0.134562487715453,0.10140419143352,0.110259388104356,0.164425706514383,0.0961758544861497,0.115613016562422,0.296328189827227
"Axis_porcinus",0.134335104855702,0.116127666938016,0.179401465340113,0.406371542969515,0.397471133744356,0.179619770204265,0.145111459000806,0.306679238852641,0.125770001408473,0.0458373517654871,0,0.425183669357051,0.332203065527325,0.11925828289932,0.0757198193901733,0.455712181583186,0.115498137503912,0.311456432519782,0.130769452331657,0.148774348782654,0.213510812553034,0.412824726708453,0.146882600962254,0.438974963605153,0.502002567997126,0.210653142406092,0.271079209339577,0.483610081954302,0.339548122335674,0.387612613838865,0.346581962242446,0.258759088424167,0.118567626125165,0.180399145479512,0.140840039621741,0.102926179222226,0.146414506143243,0.265736859786373,0.13829583139556,0.161193709315414,0.183744723672287,0.127042383524256,0.349271387651955,0.255354479397779,0.178259297940659,0.140584009030992,0.347517397078831,0.125976680416935,0.113587336923662,0.160265556319531,0.134673010636417,0.12010255818605,0.190164228488077,0.201400425824038,0.493934021431887,0.484950981615678,0.173141814184484,0.158221876757313,0.176240743356813,0.164308232451537,0.205815955607674,0.187705442243364,0.304484228379041,0.142630554483413,0.243355862703994,0.187420020384821,0.375385895015805,0.123983400120029,0.150565938645947,0.106302365743351,0.126154899044871,0.17201036274395,0.110813102785115,0.169807105518106,0.184918313419815,0.18341477392828,0.148139405415847,0.314304343924133,0.16623757736263,0.163109301324897,0.129458166958491,0.114495058522277,0.166943729918799,0.132411427744851,0.194558598843347,0.142868061206513,0.290858701023233,0.128131438089244,0.0945702325430774,0.3532896641555,0.179336223730521,0.139157111428814,0.157742527749727,0.135898654827198,0.287349513574006,0.239338475597574,0.40304291037727,0.147722319202512,0.173148143058745,0.18029089088877,0.1839484252455,0.167517984733925,0.494218079442556,0.457960076902854,0.412904249064084,0.297495576915855,0.447835744433402,0.109317818682001,0.105868284415697,0.182068266967327,0.112603890699683,0.113951239842911,0.176466509804393,0.145934763743072,0.10368094500525,0.150669045892514,0.457161386868703,0.378941092908363,0.316015048305017,0.414852509564891,0.172204932391722,0.209180389181341,0.150521765568547,0.141689169249352,0.154057056461261,0.152516085836445,0.0487842366626104,0.0306757854984333,0.409813058400806,0.513264162934627,0.168583838867412,0.0575736166384933,0.2582210639313,0.0590983640697079,0.424607823142943,0.122034400389534,0.11274022921289,0.130146449026328,0.369586006941206,0.171454226158138,0.129581229807289,0.148101011866304,0.157685110149552,0.24006931582354,0.169287588030126,0.140464839693876,0.104111627387766,0.122014118852988,0.155664474671663,0.1240472497583,0.154236050511598,0.292033606955934
"Bison_bison",0.405361084843349,0.408546083643027,0.457274751877036,0.151842206647152,0.0980323118566783,0.319645810590767,0.434161760927085,0.192008574156085,0.43817417089071,0.431220025189046,0.425183669357051,0,0.144559434059934,0.386828886030257,0.422144397377626,0.100334597782618,0.469317254465543,0.153206684433293,0.42947230284284,0.485816912320694,0.255828493817677,0.0954528301943056,0.386269261681383,0.082370314171279,0.139189935898482,0.353375812064629,0.228300265063522,0.118729911327524,0.187336783009133,0.0729508945330055,0.128319157929808,0.289606831123317,0.432046303676749,0.48641723306432,0.465885678895732,0.421595771687278,0.449596599499217,0.357342807545043,0.486852043285271,0.485167536051297,0.491781381122683,0.343995857907405,0.1912713372714,0.270281486480274,0.295614133242243,0.39065290525766,0.192901226065928,0.389371709791798,0.40609943045827,0.299948769457954,0.379112397674002,0.37260084906416,0.419520069585265,0.370717480285258,0.130935082186321,0.128468218430882,0.337581012357879,0.505736855015649,0.313903337647455,0.416667104859152,0.351336079279098,0.364205490005092,0.222122826403309,0.417911770828494,0.265819293150282,0.290136884908044,0.206132569646533,0.40016207957798,0.474613063286476,0.407728764855614,0.423005213210612,0.468729213795851,0.413690608869707,0.500635624021133,0.454727413980174,0.475752515343599,0.464241868149429,0.196975923345858,0.426403003908172,0.437326755410388,0.383285329539528,0.419413741030406,0.494595009130513,0.451485676579187,0.531111872005314,0.44429082559547,0.403047505495294,0.457078388747112,0.424272705850533,0.20141883380074,0.426955671075123,0.401483819053132,0.47591580858398,0.434468472901143,0.186599254411907,0.224905163739508,0.134328659835677,0.361936256372764,0.433171121813318,0.436297045975114,0.405365267557991,0.493796257423431,0.143671393397849,0.0956497359029968,0.10346579535497,0.174214333178865,0.0665639857848498,0.37933123315327,0.380595293560208,0.331229306825282,0.411108886343923,0.42030568129655,0.438508393317307,0.429506458563283,0.382648496510398,0.473015957410569,0.0872880592981454,0.131771115644772,0.274946023433349,0.137911609835927,0.440728270702394,0.28119489126204,0.438486188669567,0.421170894870464,0.324501255526872,0.472218221517446,0.44127245086738,0.433469516891076,0.271583793660615,0.145009143653061,0.373756799361252,0.379698230133857,0.57624030086436,0.426609606089067,0.0916885906748961,0.451669383516217,0.426292801253388,0.460438762680105,0.312568499655515,0.494327509947718,0.364213617082071,0.476658250263923,0.404893471543563,0.352984708675797,0.476297407306095,0.408957272003921,0.413619128806563,0.42088118451346,0.441018065272709,0.451644311038906,0.499228575735651,0.206727974739169
"Bison_bonasus",0.327081794440167,0.324418620717841,0.382363135243025,0.0909997445649364,0.0918196536733586,0.2526590241648,0.354499944922552,0.15285290738144,0.357512948745507,0.337293930859802,0.332203065527325,0.144559434059934,0,0.266637416123208,0.328606658716988,0.209330990742581,0.360133206367862,0.0600412406063019,0.351543706137251,0.357029572223268,0.163831531643543,0.181587827393697,0.308361253015798,0.182106058295983,0.239443689199183,0.289034606442041,0.15012609802306,0.215417594307369,0.0786758118103032,0.0999868004606525,0.141800669507348,0.199713688443633,0.344571136502631,0.372327186203906,0.345068109066418,0.31710670287687,0.345932288706151,0.265144237243264,0.401896799596703,0.376284618448024,0.374538356394143,0.264721705632521,0.0902372066725114,0.165861533080067,0.215022655973769,0.312677915937735,0.0780519743561993,0.306993224906583,0.320675153136124,0.221802361065005,0.300893155174628,0.291620700963371,0.341619068067296,0.304030348005916,0.23963422660729,0.230816629770987,0.267284853368772,0.422012624265459,0.240197239651331,0.344429223527174,0.279088715548254,0.288900724948472,0.190266147050776,0.341171481775166,0.183235851674781,0.217743709091052,0.148511786927766,0.320050186127355,0.389091331468989,0.319844476788431,0.323093003983707,0.355540366838353,0.329855861686341,0.409068155482814,0.382637012878366,0.396513111904833,0.380964936409492,0.155759786541526,0.351475831289448,0.360823221196244,0.303145504921598,0.333517681742744,0.373358281457938,0.340766910325564,0.413568948227995,0.33708384034629,0.297969753829892,0.348823899812991,0.327260177232433,0.0991881359552726,0.352472702562579,0.320953354102402,0.356261865445489,0.332037244855217,0.138826000549752,0.127743754620197,0.134831924818246,0.289706521389396,0.359895616598538,0.364633488057275,0.333462788527423,0.404398372800226,0.232640180334865,0.197713418101621,0.17273508626619,0.0974178289948425,0.166690288320646,0.276607750444385,0.285795820030028,0.232917422606154,0.324955141027176,0.337212136846847,0.336357481887001,0.322605510689395,0.300456167205217,0.369444150610217,0.192122437744083,0.163835101819453,0.195783132806033,0.144500605004065,0.36862996187577,0.213036530060558,0.363590065976042,0.344400127041624,0.245884509549655,0.388043264993412,0.355341861430957,0.339455691008221,0.189906559811969,0.220439080076329,0.26212560271073,0.296306529095888,0.43664543235045,0.328964411035794,0.149354382733511,0.365739470741777,0.343356865176684,0.354632000802734,0.223452597008325,0.385780918825946,0.2857078747001,0.359433295363874,0.330872136150068,0.253829369695578,0.361281918783811,0.330377432869283,0.329625933466527,0.316306381297297,0.363608100790873,0.351679778479677,0.38267145892085,0.168625435474159
