"","Aepyceros_melampus","Alcelaphus_buselaphus","Alcelaphus_caama","Alces_alces","Alces_americanus","Ammotragus_lervia","Antidorcas_marsupialis","Antilocapra_americana","Antilope_cervicapra","Axis_axis","Axis_porcinus","Bison_bison","Bison_bonasus","Blastocerus_dichotomus","Bos_frontalis_gaurus","Bos_grunniens_mutus","Bos_javanicus","Bos_taurus_primigenius","Boselaphus_tragocamelus","Bubalus_bubalis_arnee","Budorcas_taxicolor","Camelus_bactrianus","Camelus_dromedarius","Capra_hircus_aegagrus","Capra_ibex","Capra_nubiana","Capra_pyrenaica","Capra_sibirica","Capreolus_capreolus","Capreolus_pygargus","Capricornis_crispus","Capricornis_swinhoei","Catagonus_wagneri","Cephalophus_dorsalis","Cephalophus_jentinki","Cephalophus_natalensis","Cephalophus_niger","Cephalophus_nigrifrons","Cephalophus_rufilatus","Cephalophus_silvicultor","Cephalophus_zebra","Ceratotherium_simum","Cervus_elaphus","Cervus_nippon","Connochaetes_gnou","Connochaetes_taurinus","Dama_dama","Damaliscus_korrigum","Damaliscus_lunatus","Damaliscus_pygargus","Diceros_bicornis","Equus_burchellii","Equus_grevyi","Equus_hemionus","Equus_kiang","Equus_przewalskii","Equus_zebra","Eudorcas_rufifrons","Eudorcas_thomsonii","Gazella_bennettii","Gazella_dorcas","Gazella_gazella","Gazella_subgutturosa","Giraffa_camelopardalis","Hemitragus_jemlahicus","Hippocamelus_antisensis","Hippocamelus_bisulcus","Hippopotamus_amphibius","Hippotragus_equinus","Hippotragus_niger","Hyemoschus_aquaticus","Hylochoerus_meinertzhageni","Kobus_ellipsiprymnus","Kobus_kob","Kobus_leche","Kobus_megaceros","Kobus_vardonii","Lama_glama_guanicoe","Litocranius_walleri","Madoqua_guentheri","Madoqua_kirkii","Madoqua_saltiana","Mazama_americana","Mazama_gouazoubira","Mazama_nana","Mazama_pandora","Mazama_rufina","Mazama_temama","Muntiacus_muntjak","Muntiacus_reevesi","Nanger_granti","Nanger_soemmerringii","Neotragus_batesi","Neotragus_pygmaeus","Odocoileus_hemionus","Odocoileus_virginianus","Oreamnos_americanus","Oreotragus_oreotragus","Oryx_beisa","Oryx_gazella","Oryx_leucoryx","Ourebia_ourebi","Ovibos_moschatus","Ovis_ammon","Ovis_aries_orientalis","Ovis_canadensis","Ovis_dalli","Ozotoceros_bezoarticus","Pecari_tajacu","Pelea_capreolus","Phacochoerus_aethiopicus","Phacochoerus_africanus","Philantomba_maxwellii","Philantomba_monticola","Potamochoerus_larvatus","Potamochoerus_porcus","Procapra_picticaudata","Pseudois_nayaur","Pudu_puda","Rangifer_tarandus","Raphicerus_campestris","Raphicerus_melanotis","Raphicerus_sharpei","Redunca_arundinum","Redunca_fulvorufula","Redunca_redunca","Rhinoceros_unicornis","Rucervus_duvaucelii","Rupicapra_pyrenaica","Rupicapra_rupicapra","Rusa_timorensis","Rusa_unicolor","Sus_barbatus","Sus_cebifrons","Sus_scrofa","Sylvicapra_grimmia","Syncerus_caffer","Tapirus_bairdii","Tapirus_pinchaque","Tapirus_terrestris","Taurotragus_oryx","Tayassu_pecari","Tragelaphus_angasii","Tragelaphus_buxtoni","Tragelaphus_eurycerus","Tragelaphus_imberbis","Tragelaphus_scriptus","Tragelaphus_spekii","Tragelaphus_strepsiceros","Tragulus_kanchil","Tragulus_napu","Vicugna_vicugna"
"Aepyceros_melampus",0,0.0539176507317151,0.15287966469032,0.364661870583211,0.366603021211108,0.0802638905917575,0.14344396150555,0.228218622651453,0.116782795254465,0.135893705687518,0.178752296994813,0.299518799683864,0.331484303808011,0.159742016926764,0.155508939535729,0.409094756887185,0.193616725944577,0.29668231529437,0.135672628905427,0.249306974333802,0.250586479386683,0.295796384376752,0.185057282231489,0.206542585348983,0.380050433080886,0.154697806493138,0.256147893407295,0.427376247268927,0.348683231405035,0.355334572517954,0.395035822178616,0.334771049945238,0.0610668811162189,0.233326943968153,0.369201143977061,0.206049707908356,0.139543317076086,0.278366934568545,0.124207481045641,0.243120610977967,0.184178074608537,0.057279164735894,0.357954013927803,0.269633691818766,0.108628770237351,0.0470428475787463,0.346347322272639,0.0353450679448071,0.0364500068176013,0.0937147450197263,0.0162687001135496,0.0195560443509132,0.0816347640371601,0.163600728968773,0.434155403369537,0.412921361778776,0.0811778883955735,0.112379357549341,0.0948540420356415,0.149577276917927,0.179080913786684,0.138061356683949,0.219598404750629,0.113972521357022,0.228615699603091,0.112193366183179,0.364165016211518,0.0195880632953558,0.118515946844295,0.0760337617411273,0.181207039391459,0.232495345570467,0.0477292192954421,0.1069670352508,0.101749320018156,0.122500466184395,0.0990761844945888,0.227557450260194,0.0604495029570247,0.0580951686034846,0.0318232797826948,0.0596449296172053,0.281241634085582,0.201814024798312,0.309131303810058,0.134665688543046,0.279612218051781,0.220810540053945,0.174425218794532,0.330702909172808,0.0665771910790951,0.0735805110369013,0.236412075425481,0.0871249555054454,0.224270528165483,0.256018847218238,0.404132310928307,0.0604793678418171,0.086187684692495,0.158474340000965,0.151721677897916,0.102024063394701,0.462860867587911,0.407592322518317,0.385975545960437,0.239315811543409,0.408187373729345,0.11386381741054,0.124454819599897,0.15126991538808,0.0466147402831709,0.0473096320103783,0.21046142242813,0.158472994480245,0.0334693865143319,0.16884060418208,0.429256980496451,0.280906596486247,0.352293999022692,0.399465448544085,0.128492974670831,0.160321658554253,0.116649354909207,0.122279433734287,0.0749812564044996,0.120466895011154,0.156184559373054,0.209006143412831,0.390608753885831,0.461998128582984,0.229821303488561,0.149008832656704,0.40718088965765,0.107672328012894,0.394984045625054,0.0791681155512406,0.0438306472376571,0.239639962751877,0.359053911123999,0.242113971422537,0.021592945523862,0.226825058448552,0.0829219607791793,0.230770347602618,0.250247374223786,0.0611998804955024,0.063782804330962,0.129713391612566,0.11447182759762,0.173254735728867,0.356581320406474,0.214362656684963
"Alcelaphus_buselaphus",0.0539176507317151,0,0.106761245943961,0.388851825603387,0.391598663500304,0.0687369936883192,0.096831444933939,0.24870239682299,0.0920275275354801,0.133059526260881,0.182093331710744,0.326726734867274,0.355501518883611,0.161513614018925,0.164679481525784,0.436911767835007,0.201973160106245,0.321806391262317,0.112043765868939,0.259007995882643,0.285199188116672,0.304296899369814,0.166373127451343,0.207062203441628,0.404311855735346,0.141100591927881,0.280891230461517,0.454065584409108,0.374997678857145,0.380458453903456,0.424739279140428,0.369168975428986,0.0615061793170966,0.254444752923784,0.378626507127656,0.216634274360362,0.170891447251038,0.325216005384973,0.102847065765231,0.261767849792437,0.207122910624157,0.0911322992269469,0.384998215334095,0.300314179545119,0.139713186792423,0.0486429378931628,0.371887841882407,0.0416064707299021,0.0257696879743891,0.123875615810408,0.0619950325909514,0.0697551214802628,0.117499968842919,0.152540962559273,0.462342803859484,0.438403760385773,0.0888414336172232,0.0821038210373173,0.140631394620157,0.110998706449093,0.15107123835025,0.125697230692438,0.224550021114292,0.0680439665166861,0.25863461219102,0.160034753364179,0.389249748623199,0.0425850638206057,0.0989915293407151,0.0370653864757623,0.212648217807245,0.260981919258288,0.0608406914824932,0.0774032638796905,0.0533640382324004,0.097615240518025,0.0628535209401927,0.2465523633873,0.0659696343030683,0.0742124557720881,0.0833038959148807,0.0766829774626943,0.292958622944265,0.218686288668209,0.319049911329348,0.139273740205883,0.324090248048736,0.25700317156187,0.195426226223895,0.351544780130763,0.0796592284167615,0.0489401168497908,0.251803157486857,0.124908700749717,0.241375769077429,0.285095411722836,0.430689636681794,0.0619835380870167,0.0739091281140252,0.112287716142992,0.128723223821788,0.0570639777050947,0.493911208819235,0.434868951920932,0.411167922357353,0.264278707435781,0.433224585644916,0.154648733771265,0.156299448188259,0.185089394529553,0.0623196310961977,0.0411054129877824,0.248568601408451,0.189418958394648,0.0523494377113865,0.173641386972394,0.457158468987109,0.309002280711025,0.378888526021761,0.425454011119091,0.0889456019840871,0.173116257919137,0.0723203009819425,0.0783175033256094,0.118289512647512,0.0967019838497933,0.136735873068869,0.212501247583052,0.420061977301137,0.489316680908879,0.269129806637315,0.152682216733781,0.421992141002045,0.0814672994669419,0.419783288016266,0.068777952393041,0.0441095231224773,0.253767975645602,0.397461905976898,0.270553304110402,0.0573439821998745,0.240725814788563,0.0633715322206885,0.275325588325935,0.266198392970598,0.05872113913779,0.0681415471902011,0.154197281337873,0.0681037928486345,0.180186653093578,0.368137942124162,0.234178681483966
"Alcelaphus_caama",0.15287966469032,0.106761245943961,0,0.461231786383801,0.459463801038491,0.12077411138904,0.021368937655831,0.286834657688078,0.110290599778938,0.211068312584303,0.272640635588711,0.404432240742034,0.422956810048937,0.261733820164113,0.265590911931938,0.484411416176924,0.293624423070695,0.38552448557029,0.112269957626535,0.356626086076601,0.363922354036792,0.328589159563813,0.14282152039117,0.242900945675608,0.478837607115061,0.122068101292281,0.343647081260481,0.500232087449471,0.451099172453764,0.445129490294048,0.50337647831826,0.460319050322619,0.15155520464681,0.357802727601755,0.473274335391132,0.313508413788546,0.275781286612617,0.431245819039147,0.17492476334397,0.363402535472935,0.311801447449563,0.182641140526189,0.463634310300249,0.379683862118308,0.214290036540129,0.12063998543191,0.445878484309366,0.137728743373247,0.130213840432558,0.206750698124892,0.159935270573899,0.170557721787143,0.200158403689539,0.154057123621004,0.507061846853952,0.481407341467064,0.134918620355799,0.0993429400624026,0.230236362731953,0.08166670441897,0.121416103277043,0.133335326116238,0.224928585771399,0.0444092448271018,0.34830438272999,0.26271182765994,0.481439668033792,0.141459382684032,0.165558399876214,0.0956640415047267,0.317480718747878,0.365870880071317,0.165814519963339,0.126682415067332,0.0582798604339805,0.113238550001104,0.0901916531406501,0.316215478084214,0.150606907318148,0.169950049480778,0.18356480074946,0.174299048338038,0.391695786327368,0.324135484102011,0.411713672488869,0.223555397863176,0.429636888902805,0.350720438031855,0.297508249756455,0.413819180371098,0.159267040234958,0.0892630526715141,0.352796482316364,0.23152565936617,0.302263687080837,0.363393725428073,0.508843663059522,0.112216384161384,0.131332967827864,0.0200213638864744,0.108375336068893,0.0946486589949731,0.536486561992164,0.478495593043372,0.450220766781724,0.336465343273977,0.486291931502408,0.260827400398012,0.26306069413222,0.283257751909402,0.167517858837638,0.14255862327417,0.354040377559619,0.294962511301644,0.15049361205456,0.263662223658959,0.507373842529683,0.362539161828642,0.472686621947398,0.497940255594242,0.036931536993364,0.270774668887207,0.0436100774925577,0.0395380563464995,0.215381886929736,0.141713657886056,0.190331580176004,0.303226651408812,0.505984335636918,0.541424015921677,0.372210728261155,0.247050249378298,0.518962887400601,0.112120931006098,0.468836777811538,0.151715141050991,0.145528210699332,0.35574229879572,0.498855583895689,0.363847156600053,0.157003663335435,0.341442837835738,0.104686064376854,0.381617662966122,0.364838084480693,0.113329834501702,0.168555124965242,0.260303421396723,0.0466166831810489,0.267678666543883,0.459304601092229,0.281134189157409
"Alces_alces",0.364661870583211,0.388851825603387,0.461231786383801,0,0.0739580896778737,0.38374243740119,0.456355419826394,0.208013210291785,0.392702530978475,0.372833138757926,0.356796003505415,0.155328856880924,0.054777038378183,0.306590395104126,0.349111685333977,0.19572386529423,0.36205381921823,0.0925835327339725,0.401367561057018,0.362740081405658,0.166826003106488,0.243864604966182,0.368382634354536,0.26295746274556,0.0761740108052472,0.370542972961103,0.132880776639286,0.181401299814301,0.0719127320689333,0.0869831064807807,0.174618757742265,0.195465680165305,0.377996073654849,0.367015710785426,0.487122622153725,0.357595094605151,0.35624863527903,0.260632645067638,0.43665973117515,0.380426313839456,0.349240563218139,0.315575998458871,0.0795423416396132,0.151591526562953,0.272109913853848,0.362405513378371,0.0711588658094315,0.359571254876896,0.377087879254886,0.276416500997521,0.365821246116924,0.349256890656428,0.386860665326909,0.333870345082586,0.205495189210968,0.22818972016042,0.357655979587528,0.464888285777029,0.294964458912931,0.414907666054132,0.380358308741326,0.353035435716193,0.292112797260904,0.440991339368848,0.165603386799156,0.2963947940103,0.102648879521396,0.366488494348838,0.431307159376555,0.415161940866591,0.350402391357818,0.362520972854298,0.37909395047238,0.457218688840244,0.43120303549793,0.463796392270928,0.449467071277624,0.174059205920424,0.414891504877479,0.407131621496134,0.341902670166925,0.389277186112197,0.400821059110317,0.347618470503214,0.439737754237969,0.358220198800509,0.282006074247354,0.229624527523449,0.32346967235103,0.0789831083313562,0.414527312090107,0.382850845299083,0.364071159531645,0.350521420709053,0.170616272348823,0.143672777761775,0.0785773958014296,0.368225766938403,0.443386032629635,0.464732099837552,0.396055044601515,0.42227992057119,0.220386973585567,0.192965462374633,0.19248642442657,0.160256615079028,0.132535692478053,0.310120869332771,0.322238407916849,0.22616970046285,0.377260521610668,0.388124860344489,0.350164164940298,0.338132518242551,0.362447038744621,0.393025368881283,0.192050845980915,0.174319632767173,0.173179758063332,0.0840647558811814,0.430455000169101,0.376008550519323,0.428397407595003,0.426893875540069,0.295231182429237,0.461580203763826,0.391622758105089,0.361143684790598,0.114821394998763,0.162188209960108,0.259447208865904,0.337977520040471,0.49254618384255,0.386810901755291,0.12264787586645,0.407397624349943,0.38634687181,0.382564678077239,0.237848516791865,0.339361391977434,0.350479178698647,0.36718402150221,0.425573752470613,0.29409166460201,0.379076113434021,0.371951165855196,0.382254638203462,0.349874873170427,0.436284296157621,0.365351777192335,0.452702884868358,0.26441641563511
"Alces_americanus",0.366603021211108,0.391598663500304,0.459463801038491,0.0739580896778737,0,0.381472302147271,0.454267036576993,0.179393783047991,0.395825100991914,0.385408666185192,0.374169000969869,0.138171677632629,0.078666464872544,0.31577543673625,0.373739647508173,0.159892550653778,0.390366827308371,0.105650781944016,0.398658877776607,0.405127811164568,0.184253758659102,0.184532822822162,0.360910665363677,0.23713059872803,0.140488680855873,0.370323808013581,0.146548215499661,0.161131119274957,0.132184289141411,0.0520087506140619,0.203056466524849,0.245768875344425,0.380206354454935,0.388740216008662,0.526351494007833,0.377832375430845,0.361137218544023,0.284486292978986,0.442161814072598,0.409314729511365,0.366810087871904,0.317786279258957,0.142986826919654,0.19153082498116,0.2740820231078,0.362127703780155,0.131432230644296,0.361916987007262,0.381903760324288,0.277897595672054,0.368285239563557,0.351710881251602,0.389070946126995,0.337525123537191,0.188534586703602,0.192007386447376,0.355385844333609,0.466092295816647,0.299481948610975,0.407939710477233,0.382241094528723,0.358278616953262,0.256492667024444,0.438721204114929,0.177001028034781,0.300114101375593,0.165398864269226,0.368698775148923,0.436307092365393,0.417911727067476,0.357926011839195,0.382697371953951,0.383863113519005,0.462303249070126,0.429633043927798,0.462885361737414,0.451446981160686,0.19058678616853,0.416961788972961,0.410515044481708,0.344505429085061,0.392407139488457,0.439941270452679,0.369231761486147,0.472571401852873,0.361476910602884,0.315003705090016,0.263379910930959,0.359984778301045,0.114206457627559,0.416814167491186,0.382376860624559,0.399525778259523,0.353964190250227,0.165205418909447,0.142045356091692,0.115663232522292,0.366403975424849,0.444012180798406,0.462673563942752,0.392087797748442,0.424926115829185,0.206337515291196,0.16393688030971,0.170696691781732,0.149430880165783,0.105190705787349,0.312991147524379,0.325285682039524,0.231302730093567,0.381507592522468,0.392243654623609,0.359270317211731,0.346168857122929,0.364657319544706,0.395993874183828,0.164210538164202,0.158360518295576,0.21626586355604,0.117785542229837,0.427894314365692,0.384231239503548,0.426629422249693,0.42433318973666,0.297943613137932,0.467082286661274,0.394752711481349,0.395372936978677,0.178491739263686,0.163344430552493,0.30149389141165,0.350557566439504,0.538478968635021,0.390679828409245,0.110221500701573,0.412899707247391,0.3901575953464,0.412910295484618,0.282391297727181,0.359117410234969,0.352247406819852,0.393186831008051,0.42365434864031,0.30119996935777,0.406607605845802,0.370122588965185,0.387458043307457,0.359027857418658,0.434841883693453,0.382314600809445,0.500476209043796,0.267110804011036
"Ammotragus_lervia",0.0802638905917575,0.0687369936883192,0.12077411138904,0.38374243740119,0.381472302147271,0,0.111518539581924,0.240198354732702,0.121701054807545,0.151066693549677,0.194475202706248,0.332719909855199,0.348800229865858,0.177393712122913,0.174070138897479,0.41168147520534,0.212342461748146,0.311166638492788,0.141866766977699,0.269533243101418,0.28256964935177,0.26273525542291,0.138346694940858,0.180020925871173,0.392566267553894,0.102369723575972,0.261020116732652,0.422042640357932,0.368954762166246,0.367740384803844,0.424454338128725,0.364888583828978,0.0837792852722681,0.262887553750275,0.390395796322721,0.2279211149133,0.171540941595908,0.318596101601112,0.138984195885152,0.269150343392354,0.213998830525739,0.105703334623779,0.380480243363869,0.298592243055109,0.160390197939636,0.0768111126758971,0.365720861055948,0.0876561917224417,0.0775166898698404,0.137879416446504,0.090664583382517,0.0904796941778624,0.136510181029551,0.107072226909258,0.428357214774832,0.41254064139222,0.0626378342778668,0.118001703921913,0.121383245183034,0.14136699308991,0.118469663135427,0.0986948633508823,0.195428515384678,0.0901603037626957,0.258052591039672,0.167040130564157,0.382838131416328,0.078282242336072,0.132719483282284,0.0929308184105201,0.212102780465177,0.260735111829081,0.0923328703528057,0.124378358682812,0.0774224236662495,0.0944935904120752,0.109477316952019,0.221633765769826,0.0911145725875277,0.101783492731019,0.0970732409294021,0.103643358799068,0.30349381878736,0.226919707086593,0.331642376901123,0.146563477213798,0.319586251666607,0.251047690958317,0.196427699349993,0.335845870388486,0.0985806219275204,0.0831409292789875,0.261473422570129,0.13060757965862,0.245843361998716,0.287045348608002,0.431378978834674,0.0576247382806035,0.101074071969646,0.127312417971475,0.102173619726766,0.0857785893994356,0.456301665705328,0.403545475150084,0.377429335899427,0.271249347835863,0.409769887011723,0.164868407496572,0.158070653115242,0.181924224227813,0.0939005558484295,0.0863752852820853,0.246510175415506,0.190232580575948,0.0577563388519802,0.190866476295176,0.431723520125237,0.309258464595378,0.377188816432096,0.413996203570346,0.102931618527086,0.18222147237179,0.0924506385509609,0.0984059143678707,0.12318042616284,0.1404719700365,0.170349789357993,0.224516795846084,0.418558690642578,0.457219548876087,0.263115184047318,0.164659919137525,0.430152463739995,0.112108555661939,0.383887845853197,0.11042431130681,0.0778129763152145,0.260102194043321,0.39287546604974,0.293625531853231,0.0863210200174673,0.251681992336539,0.0589295715878208,0.271082964215737,0.277377703953342,0.0637502700371413,0.0989275099961303,0.159363549287771,0.0947473806667799,0.190426305372596,0.378215933252597,0.236620698823627
"Antidorcas_marsupialis",0.14344396150555,0.096831444933939,0.021368937655831,0.456355419826394,0.454267036576993,0.111518539581924,0,0.286003841199485,0.111676082018063,0.20292141065221,0.263326978449624,0.399799592099988,0.418831805672254,0.252074480164955,0.256725391991617,0.477752315475952,0.284332082990314,0.383650161467558,0.117050316535575,0.346976872265122,0.359881095112809,0.325635968181791,0.138044363693654,0.243620514252494,0.471069612306143,0.116971173568608,0.34334481272612,0.48984312507732,0.447673616318168,0.441439420033068,0.502260472185123,0.451060064565665,0.142127650430644,0.348513814231899,0.464259484530639,0.304185240034459,0.266188256700949,0.421728113104774,0.169614216627434,0.354051609464458,0.302107582950252,0.173123434591817,0.459384767153302,0.376932568249474,0.206930066204619,0.110496786832333,0.441316260772872,0.125796819340693,0.120789223722012,0.199788601129914,0.150492217586612,0.161040015852771,0.1976769946072,0.152192226636695,0.49670383913225,0.473537300520031,0.126889774942435,0.0961166888407338,0.220773168909943,0.0805096758878833,0.119702783790697,0.134065878469326,0.221879608989274,0.0317454860916604,0.340767154591466,0.249268422038783,0.470498347280533,0.13190570162434,0.160432572880306,0.0844694467148342,0.307952845451712,0.356331629921303,0.156036457666935,0.12163539327287,0.0474964539416981,0.109570565102236,0.0852928167246884,0.30557224288545,0.141258442922698,0.160852136251298,0.174047094815088,0.16499934312559,0.382457958359348,0.314308168785658,0.402783178964189,0.216853235716709,0.420001527528661,0.342212501054822,0.288642729816135,0.410465622082856,0.150409322677119,0.0799698226557608,0.343363741917739,0.22165037046851,0.299272065497331,0.360346188581235,0.503555598408691,0.103251904918658,0.122244521965309,0.0163061622764363,0.0997606784949671,0.0915283971342492,0.527226244693596,0.469192402495055,0.442844353861336,0.332659876035578,0.480949354739214,0.250977715190866,0.253130893122198,0.27374004597503,0.157744054635994,0.132976911990089,0.344261865453029,0.285126299591121,0.140643349435597,0.256621522385661,0.499137091769228,0.356586807882576,0.466245652950149,0.490585222963626,0.0292468427231954,0.262047197861587,0.0318760811408282,0.0322389879883865,0.205918693107726,0.138085558635885,0.18610022043938,0.294219942571443,0.501363750125201,0.532166261418505,0.362693022326783,0.238130217325615,0.509670547320219,0.111211944147136,0.462070124480171,0.144269409554351,0.135889577763016,0.346217348267111,0.490341133426757,0.356478421395067,0.147485957401063,0.332070621848493,0.0977446632645168,0.37174792083059,0.356147133580733,0.104765325087256,0.159246456103583,0.25049586784406,0.0325382975172365,0.260148370765433,0.450604069542597,0.273802347695498
"Antilocapra_americana",0.228218622651453,0.24870239682299,0.286834657688078,0.208013210291785,0.179393783047991,0.240198354732702,0.286003841199485,0,0.269359342659061,0.324076789782035,0.370824976968674,0.174888353705641,0.173021876400821,0.324929594702405,0.342984832861152,0.234320393780957,0.385964594121897,0.13785464126574,0.263573619438476,0.431080140097651,0.188642171696677,0.117681354304886,0.205294163628594,0.11103763545339,0.243647603051581,0.235885264688908,0.140505562482748,0.23978597707476,0.232330132178337,0.168512201366981,0.266281214311581,0.302969139813871,0.264108532178632,0.417228694319601,0.551501255723246,0.390291168068906,0.329563071502673,0.350328519361341,0.335588429954742,0.425889928074593,0.370576194838828,0.213862290280864,0.248508191857962,0.220805332846577,0.161470099163622,0.210649175168897,0.232047268945013,0.218060101316751,0.242711773003872,0.167370540176422,0.225684069429009,0.223165716373363,0.238365528921355,0.207861282524137,0.257036493659115,0.239737542711278,0.192828969271407,0.320608676124488,0.19217798417581,0.255733814241222,0.249619525709367,0.238638774174705,0.117690816477675,0.273977727139031,0.198435494068108,0.226107413097001,0.282739812685221,0.22966016884467,0.332561232359242,0.276639334817807,0.362045850378124,0.410672943847517,0.26611593148827,0.320879140508288,0.272817038459378,0.323056521445289,0.302439494032671,0.138870029687389,0.270510152453213,0.268582585849552,0.22432366260764,0.283591894418648,0.463319090392571,0.384974151084186,0.494349547283879,0.325851408307154,0.370940828514032,0.295085953466876,0.350475575551829,0.163218563331405,0.265725274467106,0.227726373544835,0.41813013501517,0.284916839012137,0.0677194046452911,0.172583740754121,0.255163403621951,0.210611467738524,0.287574392911933,0.292805182919088,0.25265170874131,0.281680514421619,0.283960175230267,0.223921858804588,0.205584399448943,0.138431776690904,0.213256687079931,0.29405687586343,0.306093094194418,0.18439496196698,0.263915841915452,0.264996955001201,0.379651352554788,0.340457962918975,0.2393259422804,0.366333773087917,0.253990534608502,0.146980693143788,0.29215247802255,0.241060019737754,0.258415283178351,0.354213819332576,0.271026678012735,0.263048592789701,0.188662824454251,0.33410433099902,0.321747510899082,0.399870935402721,0.289195522609374,0.269736328399855,0.340844263115665,0.326312587281559,0.583792211381841,0.26663274472543,0.201722442370444,0.293082620773036,0.260519740253892,0.425921438644739,0.359855402462777,0.376164774643577,0.210239670652376,0.412858679859861,0.277338211543991,0.348007305648915,0.43510775919773,0.209975881184668,0.277228847444899,0.321679891684068,0.276034284126824,0.366632478267949,0.535367558461718,0.176388053374038
"Antilope_cervicapra",0.116782795254465,0.0920275275354801,0.110290599778938,0.392702530978475,0.395825100991914,0.121701054807545,0.111676082018063,0.269359342659061,0,0.124245524499631,0.194100166538424,0.329274648319187,0.360729344097802,0.189111467592411,0.180886789817078,0.436570153704597,0.214730210374257,0.32621692278814,0.0393054787004658,0.279837463026257,0.264158977802384,0.314637570164997,0.179442880876945,0.224260292837322,0.410937007015749,0.144690387172078,0.275498595321825,0.454631920977317,0.382097902503701,0.385119346422526,0.406201052484036,0.375692873777317,0.108654516191258,0.278775388245787,0.394306722207016,0.235600215922087,0.196533646962989,0.350723741013427,0.113223795171017,0.284002564508791,0.230492608099758,0.135589312546344,0.392268541158348,0.282716062282202,0.173343580967744,0.11535529042492,0.37926832095041,0.115459853795128,0.102754777001346,0.16201832528286,0.1226089111271,0.12755960364522,0.18691661383045,0.155692624082277,0.463069883841779,0.43732316568301,0.152045190578355,0.102667748144081,0.186869431457956,0.0890275684937458,0.13905654493958,0.128288630584776,0.240147940560612,0.103821639461482,0.27302695074669,0.198592226109354,0.42191635847266,0.108230584596762,0.0996774696666205,0.0793312660145005,0.23713214789343,0.285071377244713,0.106981359304418,0.112521961572317,0.0994573738157454,0.131791567613999,0.0949174816350274,0.281218580245239,0.137449537240424,0.134869211778571,0.132058936129827,0.110734666209797,0.311149065750242,0.24064108270076,0.333205246167877,0.154509986159727,0.350645857388779,0.264786516659814,0.21098556448327,0.359192895625386,0.150706753706696,0.107815861985495,0.272492306233432,0.157350539097771,0.260217289030041,0.284833257988079,0.431474519536209,0.122979552244149,0.136164683658522,0.118513731299388,0.135715966103974,0.102133103321183,0.49464684058416,0.432866585957693,0.40851587873138,0.273199011244351,0.433705122579291,0.184394834862041,0.179920539754235,0.222805737017068,0.111452000629895,0.092640374957082,0.272811345975591,0.219877139778181,0.105844069210996,0.195513582607098,0.459352491465993,0.313890597041576,0.389728886518507,0.430252144132665,0.10480269105304,0.192659558311652,0.0920053831698677,0.0881823208606522,0.165262864361641,0.103600988980113,0.102279701537739,0.221571599547234,0.429243257752254,0.493286127349667,0.290424208400217,0.160358478650769,0.439847217592698,0.0210208112885151,0.420871897259013,0.0964858086273967,0.0977348414575506,0.273355280831635,0.421929151296175,0.295360399229541,0.128000027263501,0.260150699358964,0.113025135664956,0.310159013993524,0.287034308781903,0.121872359316157,0.105402553643137,0.183025978169858,0.0992993763423081,0.186676774542547,0.380791831043382,0.290554700088308
"Axis_axis",0.135893705687518,0.133059526260881,0.211068312584303,0.372833138757926,0.385408666185192,0.151066693549677,0.20292141065221,0.324076789782035,0.124245524499631,0,0.0796960036661835,0.316834316571714,0.342021565700331,0.115615797800944,0.0585501655173351,0.439799867448128,0.10468039510789,0.319824260565476,0.155663046519809,0.158352243495835,0.22500099469362,0.388942514665644,0.268766644879706,0.298320704824666,0.388572515808213,0.219107195098666,0.282497562829203,0.446093267792302,0.352174623242431,0.365167171176339,0.358799656085041,0.274946312767487,0.115210192107071,0.18519969683765,0.278237929625385,0.140947726436622,0.126689635460785,0.264171974564426,0.126519758000843,0.174156525505775,0.133789310468457,0.147077282775615,0.358674349576055,0.243088410967035,0.196067139060309,0.162713309826024,0.352827172500126,0.149565617994966,0.132004809219891,0.18301124754845,0.138548504812222,0.138792211447127,0.195833824754748,0.22184791237967,0.459710131746606,0.46122812173726,0.196148439872622,0.171315571420156,0.18746361267761,0.208682228345084,0.219441957842648,0.192164037304372,0.316766192976372,0.177924203996565,0.2185131709999,0.170597084778297,0.36344786290483,0.13233483268563,0.12001634445239,0.130681007925401,0.148705922329047,0.189375613342255,0.114376050323756,0.16417025166045,0.16134483316936,0.184801367783257,0.155901391995159,0.289507926602781,0.168650990397039,0.152431329075637,0.140637164046298,0.113695887596671,0.195524871292552,0.140275164751844,0.222343868670348,0.122693873422092,0.255003384677615,0.173101336953087,0.0919667708355681,0.342731562615035,0.174411839954213,0.172614758438265,0.164627533309759,0.111400042663099,0.299095498042688,0.265821292496551,0.40623798762994,0.174114905144444,0.175749025646868,0.216529803589499,0.218877191652726,0.15841909361089,0.481632448289851,0.439315265589564,0.431026012182953,0.283562330774126,0.420287417092078,0.12303577936101,0.10723892608955,0.214736808892419,0.119022016852705,0.113390307700357,0.183832957711169,0.141938600053649,0.120907409833908,0.140614984445921,0.446890683275212,0.361981197639454,0.310731619598425,0.411421853885198,0.197448201072494,0.114500437317857,0.172797913068331,0.180832407378332,0.175535054026104,0.152169655166937,0.0694220341832741,0.102856738187407,0.385827307744225,0.475383203168713,0.200777829577861,0.0467072268679627,0.326423405788724,0.112090566776795,0.408893461385099,0.114712119876331,0.114754526312383,0.154776687574823,0.330673252780234,0.233387182438473,0.149117653257497,0.153719174344679,0.160862955163596,0.226449892669511,0.193418613481694,0.180027993513155,0.105456505863111,0.116735393542748,0.174938743487767,0.105675260788428,0.262523697052478,0.324029858972881
"Axis_porcinus",0.178752296994813,0.182093331710744,0.272640635588711,0.356796003505415,0.374169000969869,0.194475202706248,0.263326978449624,0.370824976968674,0.194100166538424,0.0796960036661835,0,0.294859944274382,0.335523285403554,0.0870410742369074,0.0575770251972676,0.468122205408602,0.0488783406231946,0.326218538234796,0.222651891212917,0.0868050725581923,0.239826548637734,0.441439539026058,0.325262774975853,0.351649232113632,0.372462414056575,0.287599245201968,0.295038804806346,0.474266514087986,0.328876093189493,0.369868134554102,0.326584466542176,0.225754487851069,0.14330395317298,0.120038390347416,0.20983224918146,0.0749294672439657,0.106695928173959,0.211703311166893,0.158532560241793,0.110411894532934,0.084349736988072,0.172131866775324,0.333661432376728,0.237323410414397,0.226266349778887,0.209607706247363,0.330470937517879,0.196545742889284,0.172106653696019,0.211882100575191,0.185772108579336,0.173111972532609,0.228770910310577,0.287300797194804,0.489376952807575,0.494909580858683,0.239424332644467,0.217928998562662,0.21220903185136,0.273416430657104,0.28963348394837,0.255696968592539,0.379176270613346,0.236745558925999,0.223127439007171,0.180113968844387,0.336815657190281,0.176642796874595,0.159048555773926,0.183310002815168,0.102297787352893,0.125857515041163,0.14905285674032,0.206881768540495,0.21950032830838,0.230027386561273,0.203295150608447,0.327241293654389,0.215421423326096,0.193283407932935,0.173485212888563,0.152372551641525,0.133692362787819,0.0775969363578853,0.156675541738434,0.119564248076925,0.192531721860636,0.139016583093397,0.0692427989203652,0.347097693745063,0.21906436625297,0.226268930374475,0.0996946249377723,0.123254191460235,0.340329904547009,0.250136864523115,0.385114976400371,0.224445198022325,0.22598274799203,0.278348128722085,0.281355166817198,0.196779112180751,0.508123529940638,0.470582705696713,0.472649802254926,0.276817026681382,0.429464675065059,0.108670090197823,0.0825571124857123,0.220826221794756,0.150837548212155,0.156240369349792,0.124257185823722,0.107261977730077,0.161088454888842,0.104935721598723,0.475510528689005,0.415565464309144,0.28002371938355,0.403753932476186,0.261709320739712,0.0933194010965313,0.235098523692172,0.244724605653428,0.196259783887817,0.191072953125668,0.125701328744199,0.035431713358778,0.361224793896195,0.488646435099705,0.145888926586937,0.0605782127022424,0.253754317126331,0.180793667865702,0.421892807708081,0.146691565772031,0.156452268596725,0.0941325620632713,0.286368791452814,0.197117440745306,0.192674748341852,0.0880830292105333,0.192387748104234,0.186235327703735,0.126457881792185,0.226034051275637,0.135243829955913,0.098723254436578,0.235277810791677,0.0611386547069777,0.194856964933494,0.373320531373628
"Bison_bison",0.299518799683864,0.326726734867274,0.404432240742034,0.155328856880924,0.138171677632629,0.332719909855199,0.399799592099988,0.174888353705641,0.329274648319187,0.316834316571714,0.294859944274382,0,0.129434312342749,0.246074199655862,0.301640819764132,0.292467982169709,0.309796343268213,0.134861514311102,0.334585279682858,0.304008017300984,0.152540776276881,0.249475531618583,0.31928187123624,0.210897863321041,0.202368338957492,0.330337422691664,0.144558815347031,0.293085837517945,0.142404585526754,0.161801779360586,0.142758289210117,0.215126401816604,0.316315932296455,0.277447785213909,0.405147348658315,0.295738947642626,0.284143417031614,0.234565202530528,0.366487263946585,0.310780368611867,0.296799357929829,0.251030140410347,0.14807054204499,0.122883168066198,0.216075534598112,0.302804110661075,0.150317229571873,0.296752735969278,0.314091973577323,0.217111173124027,0.301616284874855,0.283317758798423,0.332696098664597,0.302187569003061,0.316926585499799,0.325347772756583,0.306202179142513,0.402191704976604,0.263550296688786,0.346806606428451,0.342373472936937,0.317042862047762,0.221454613401311,0.383859141251449,0.162034903527955,0.2455586021857,0.20306395075368,0.30164569314432,0.365367203588861,0.352465360066166,0.282133159989789,0.285517942769831,0.314722264263659,0.392839004531978,0.373431043718944,0.406245482841994,0.386770490477199,0.236320111843858,0.356939112384905,0.345988173534701,0.276078166680304,0.321297784379091,0.32474291516007,0.270424414917617,0.354247903255053,0.305694488768748,0.257764362437689,0.205806719301624,0.29061531876782,0.164892984429359,0.357322378219597,0.323823887982637,0.307172487766236,0.280651565809626,0.174114137195357,0.0573811997408437,0.18102941099697,0.314283107981096,0.384740468795196,0.408206119465747,0.344310146150543,0.356617957202695,0.335775903103712,0.293188395947381,0.297314861961246,0.0808588583872213,0.227272719237439,0.242126460579107,0.251781947058902,0.206960916368545,0.312739451629413,0.324560269019872,0.266669121403752,0.270650712119935,0.300438670007436,0.318725818643719,0.292086430590325,0.261749292955397,0.221391877307715,0.208080930681794,0.373596367321663,0.310251424400962,0.371597861953236,0.370035242692631,0.239770214564188,0.393301927411744,0.322186920512832,0.300236274011951,0.171400878322043,0.290546821859024,0.193950171716696,0.28413901537851,0.424619913392005,0.323042587138784,0.224496968852467,0.339391083775231,0.323845906156568,0.32732679305012,0.217240090224916,0.230176708473488,0.287297837030603,0.28576273443856,0.368821771410257,0.234419880898843,0.288214634070051,0.314975240585079,0.316842204735168,0.281747155671005,0.379648581857648,0.299186221625753,0.388659300046699,0.314353765660598
"Bison_bonasus",0.331484303808011,0.355501518883611,0.422956810048937,0.054777038378183,0.078666464872544,0.348800229865858,0.418831805672254,0.173021876400821,0.360729344097802,0.342021565700331,0.335523285403554,0.129434312342749,0,0.278885829761653,0.331510927415573,0.202410504111698,0.342774071678658,0.0455278586080379,0.365813431428752,0.354259559222631,0.13913134070745,0.210051771786626,0.337467065041116,0.244573808238746,0.116116135124924,0.342186625448375,0.106278847879569,0.193054030995672,0.087620131815606,0.0677168752026104,0.167381942861327,0.20622108216562,0.344971416205582,0.345893591477517,0.475236705281523,0.331813776348435,0.327272873831372,0.261899215472945,0.408350279490557,0.372078054185504,0.32098097576493,0.283926853189307,0.10352292255083,0.135270947206595,0.240824252894287,0.326465032595783,0.0824757240699786,0.326107571697218,0.347567032239514,0.24452311325458,0.3338848147084,0.317270667695501,0.35564590850894,0.307750544485699,0.21901790142639,0.233701930922521,0.322455234294919,0.429505088770015,0.262487037883128,0.37832943706932,0.349583564401449,0.329681642364401,0.257109176700974,0.402889433924449,0.153559756581746,0.269949334387198,0.14339665403646,0.33320661643533,0.403074045353235,0.381324520020843,0.32351986874578,0.348022041383071,0.350736391569232,0.427850260929879,0.395107425039597,0.426675892313383,0.414859774114054,0.175113584725907,0.38273908810329,0.377141609798962,0.31050706932953,0.357327647203106,0.389335203470343,0.329650491432672,0.42792817502704,0.328765918537948,0.279694161656798,0.225004394295519,0.316401970991903,0.0592828491413363,0.38256220774161,0.348293243235939,0.352249963594875,0.321430014318434,0.157625660348151,0.115980846711749,0.125219234062442,0.332073831503454,0.408476634395212,0.42713214802214,0.358365025821085,0.390256823920073,0.230756169372509,0.19986009990393,0.205160183927568,0.133350093084114,0.146015274084153,0.280362339587584,0.29659608022318,0.206557267774476,0.348341163949494,0.358206570492919,0.331065665938448,0.310845039568597,0.329821099033473,0.367002941884053,0.201690187015994,0.180687072185123,0.203564470470556,0.121355905183598,0.392931386014962,0.346234705983431,0.39042655315926,0.38937026138593,0.265163674486006,0.433270752079233,0.361975843998687,0.353057905268535,0.142497005398122,0.191626595599634,0.25100394410925,0.312229694717476,0.479313099667345,0.355484204680812,0.126968790249687,0.37915211901312,0.355886749608359,0.378451714455057,0.247409084164796,0.326726035248287,0.31741984435467,0.352148543562942,0.388022518384391,0.271271639480044,0.361343741412403,0.335034507127402,0.354538022934124,0.319362227078375,0.399961300805654,0.340573976921029,0.440372079949793,0.253812719007169
