"","Aepyceros_melampus","Alcelaphus_buselaphus","Alcelaphus_caama","Alces_alces","Alces_americanus","Ammotragus_lervia","Antidorcas_marsupialis","Antilocapra_americana","Antilope_cervicapra","Axis_axis","Axis_porcinus","Bison_bison","Bison_bonasus","Blastocerus_dichotomus","Bos_frontalis_gaurus","Bos_grunniens_mutus","Bos_javanicus","Bos_taurus_primigenius","Boselaphus_tragocamelus","Bubalus_bubalis_arnee","Budorcas_taxicolor","Camelus_bactrianus","Camelus_dromedarius","Capra_hircus_aegagrus","Capra_ibex","Capra_nubiana","Capra_pyrenaica","Capra_sibirica","Capreolus_capreolus","Capreolus_pygargus","Capricornis_crispus","Capricornis_swinhoei","Catagonus_wagneri","Cephalophus_dorsalis","Cephalophus_jentinki","Cephalophus_natalensis","Cephalophus_niger","Cephalophus_nigrifrons","Cephalophus_rufilatus","Cephalophus_silvicultor","Cephalophus_zebra","Ceratotherium_simum","Cervus_elaphus","Cervus_nippon","Connochaetes_gnou","Connochaetes_taurinus","Dama_dama","Damaliscus_korrigum","Damaliscus_lunatus","Damaliscus_pygargus","Diceros_bicornis","Equus_burchellii","Equus_grevyi","Equus_hemionus","Equus_kiang","Equus_przewalskii","Equus_zebra","Eudorcas_rufifrons","Eudorcas_thomsonii","Gazella_bennettii","Gazella_dorcas","Gazella_gazella","Gazella_subgutturosa","Giraffa_camelopardalis","Hemitragus_jemlahicus","Hippocamelus_antisensis","Hippocamelus_bisulcus","Hippopotamus_amphibius","Hippotragus_equinus","Hippotragus_niger","Hyemoschus_aquaticus","Hylochoerus_meinertzhageni","Kobus_ellipsiprymnus","Kobus_kob","Kobus_leche","Kobus_megaceros","Kobus_vardonii","Lama_glama_guanicoe","Litocranius_walleri","Madoqua_guentheri","Madoqua_kirkii","Madoqua_saltiana","Mazama_americana","Mazama_gouazoubira","Mazama_nana","Mazama_pandora","Mazama_rufina","Mazama_temama","Muntiacus_muntjak","Muntiacus_reevesi","Nanger_granti","Nanger_soemmerringii","Neotragus_batesi","Neotragus_pygmaeus","Odocoileus_hemionus","Odocoileus_virginianus","Oreamnos_americanus","Oreotragus_oreotragus","Oryx_beisa","Oryx_gazella","Oryx_leucoryx","Ourebia_ourebi","Ovibos_moschatus","Ovis_ammon","Ovis_aries_orientalis","Ovis_canadensis","Ovis_dalli","Ozotoceros_bezoarticus","Pecari_tajacu","Pelea_capreolus","Phacochoerus_aethiopicus","Phacochoerus_africanus","Philantomba_maxwellii","Philantomba_monticola","Potamochoerus_larvatus","Potamochoerus_porcus","Procapra_picticaudata","Pseudois_nayaur","Pudu_puda","Rangifer_tarandus","Raphicerus_campestris","Raphicerus_melanotis","Raphicerus_sharpei","Redunca_arundinum","Redunca_fulvorufula","Redunca_redunca","Rhinoceros_unicornis","Rucervus_duvaucelii","Rupicapra_pyrenaica","Rupicapra_rupicapra","Rusa_timorensis","Rusa_unicolor","Sus_barbatus","Sus_cebifrons","Sus_scrofa","Sylvicapra_grimmia","Syncerus_caffer","Tapirus_bairdii","Tapirus_pinchaque","Tapirus_terrestris","Taurotragus_oryx","Tayassu_pecari","Tragelaphus_angasii","Tragelaphus_buxtoni","Tragelaphus_eurycerus","Tragelaphus_imberbis","Tragelaphus_scriptus","Tragelaphus_spekii","Tragelaphus_strepsiceros","Tragulus_kanchil","Tragulus_napu","Vicugna_vicugna"
"Aepyceros_melampus",0,0.0698913578062872,0.107797779417904,0.379648736858683,0.356835162632114,0.169706865979093,0.0983174703537634,0.231019442425498,0.145244113145479,0.144492124647018,0.196457001004535,0.346031115034412,0.310029372720362,0.153954517100325,0.146224621239454,0.308989417922144,0.162330167498732,0.298073523075428,0.15850887892181,0.202367020283671,0.238530844102846,0.303235392214379,0.197786905269869,0.216861641481392,0.305251835931585,0.178548335518965,0.199734277051607,0.344607490059293,0.320618245263762,0.333863416587573,0.381912154609949,0.366944699321257,0.0766285250128502,0.337834160598296,0.347545055065026,0.111332277156365,0.285317465690565,0.252483131473681,0.130595738437076,0.283273610936534,0.348210731491847,0.0521136509198175,0.353691805942308,0.341691623553807,0.10918537124957,0.0237376807068047,0.313898109416843,0.101038400985413,0.0332157548716048,0.095128327991454,0.0194224777756395,0.0256812991555233,0.0674441324176201,0.175090469808485,0.317497972182193,0.326970912010039,0.112917290196436,0.129437317117498,0.07664200210888,0.167390022806855,0.180701606543359,0.161840786764622,0.252738195433774,0.0660001943054296,0.267581308814646,0.178155218904508,0.336437251813218,0.0245298464691418,0.121656924190751,0.0516772169407672,0.323789162095378,0.253642495946827,0.0507842906309023,0.132229613702228,0.082360077775663,0.117441729942569,0.0697443070582201,0.24141438291231,0.0901091522873957,0.0689438315845909,0.0252286188765249,0.0784748762025827,0.203806021873414,0.203447029869934,0.211388793757986,0.121072548070824,0.31843632579422,0.203250750073832,0.159431847893109,0.293301848762505,0.0908660669759033,0.0802836033294,0.240618021483749,0.326331629393111,0.199482296649829,0.225498698767086,0.377434770174618,0.0626731086033553,0.104356411625022,0.101411121018464,0.192574669006636,0.126666787267483,0.443828437122814,0.325500363604065,0.262529988741934,0.197220387817172,0.401639416586148,0.0906849730420989,0.113119702844376,0.128788748195234,0.0500142642680546,0.0741751697009971,0.332584235081537,0.131765376327822,0.0634911795685718,0.293757625514847,0.319467530975264,0.303403695891831,0.318453347450045,0.455051157840652,0.0747448911123872,0.134714646759342,0.0578515802894774,0.0431244055256664,0.0583247535615697,0.132285696172746,0.196045895734393,0.173833399392417,0.412788355274077,0.44016521945147,0.202771876533969,0.135125479192082,0.381976349286915,0.272845510251433,0.247289174716981,0.110720541219678,0.068571170730338,0.211279731570717,0.372646588166387,0.206227401586346,0.0197728962404274,0.225601510801067,0.058509192155285,0.214745115486595,0.337119854563658,0.0694289381982116,0.0736361633911705,0.137158924293372,0.0537581924287859,0.248080121280498,0.362006307199695,0.223243504864109
"Alcelaphus_buselaphus",0.0698913578062872,0,0.123918123689151,0.427665100385263,0.405396268077555,0.215151710739377,0.125198828827069,0.281670961565711,0.113143887301438,0.112209955696894,0.184897794623389,0.396283064162053,0.361676723410073,0.170876359238332,0.132578975990125,0.349898715920948,0.138928189006296,0.350068606628095,0.126189598998358,0.183206441564309,0.279760805761801,0.337703503739523,0.210934302364028,0.221880269883479,0.34803228541428,0.186503492960864,0.254385484589628,0.395728572431757,0.36679550539746,0.378178645129392,0.41770178749568,0.40059981032601,0.0859455728108672,0.316534113857792,0.326368238361299,0.140527502345798,0.263577810510491,0.287299479112514,0.0626153462630254,0.267839765842364,0.327160697907285,0.107411672524827,0.395230458004135,0.374695105281573,0.172833467047613,0.0774377009850051,0.361275589809786,0.0375148905364628,0.0536402169287606,0.153986547480303,0.0752891218443099,0.086005117646547,0.116180074234162,0.188236579290535,0.368404800284347,0.368106982532951,0.158666265815629,0.0789744683805234,0.128595265383814,0.143599071102408,0.188833225533324,0.164469548011349,0.274330054790698,0.0639830483850361,0.302910653089647,0.218572360161174,0.37687299995389,0.0624541875056133,0.0576184845425372,0.0671528044862073,0.301812722032113,0.249581602433529,0.0262394480805462,0.0641916313586594,0.0917284247807092,0.0592317932196326,0.0582474498638994,0.290684314351673,0.0819467833910965,0.0963428933279575,0.0747751348514457,0.0575646475614167,0.222020426422006,0.190731002838906,0.237372086517829,0.106259912178282,0.351352317682392,0.18604349093478,0.175781095290198,0.343425957072562,0.084455629656492,0.067054043938971,0.221959885752299,0.305278799721362,0.228268119127697,0.272855639647977,0.416094788471017,0.114601683297047,0.0862218111263184,0.126604780256912,0.171533573558061,0.057109063463961,0.496629097914283,0.361981841029186,0.301661116273329,0.240861679060651,0.456968180422313,0.138695142591954,0.120510858787753,0.179342040068753,0.0485140167987908,0.0102870466603904,0.311100284831503,0.162679228348942,0.11947929388424,0.270414457896847,0.362625308275994,0.344734419006566,0.348261421880015,0.498575715678975,0.102701293514848,0.168163431653056,0.0700907823604226,0.0947866448606802,0.119130071586888,0.0642477138291775,0.184946183369918,0.155483254470571,0.455984967614287,0.483287810989499,0.236621740327546,0.126963205738559,0.364108051929395,0.254610949043006,0.298740199425566,0.0413789911569059,0.019839812854983,0.196458179148267,0.407139343583644,0.232852661741206,0.0770338650177194,0.207627812410789,0.0960841341139157,0.259521502772016,0.315454436778251,0.0662619361313686,0.0213572457665869,0.116528071130976,0.0883167809279316,0.22897682658308,0.344144183079244,0.253592057196434
"Alcelaphus_caama",0.107797779417904,0.123918123689151,0,0.422141013079885,0.390387907397514,0.196330844915288,0.0368320370946199,0.229353832940787,0.121930380211908,0.171661662787866,0.224727555612903,0.361739042791344,0.34315405149023,0.19857327795772,0.214411425991674,0.331603580360414,0.248307885553043,0.328991928645319,0.137486495719964,0.282676723726936,0.288467538712417,0.26734011791954,0.147306501090324,0.17461855545834,0.352440846735361,0.126379926086738,0.231962826641051,0.363276766660912,0.364024781482456,0.380471462393929,0.431159657285807,0.445954099539737,0.109826135624894,0.429347741146575,0.439091035571058,0.193964117221126,0.376777601219957,0.352366537825883,0.164951477747824,0.377429524131449,0.4397670464666,0.113041896665661,0.404230182018391,0.388912110235196,0.143064078881449,0.0862417341250555,0.358347949017887,0.157663583730526,0.129291761428104,0.145852128955088,0.102418891037394,0.127497439595747,0.140141011360476,0.129250669746027,0.337984282066344,0.327610920412809,0.0874977760244421,0.136422501634637,0.17927793610279,0.117487190210391,0.131764601766385,0.133102543088876,0.203531978496885,0.0882898530720798,0.325288878050323,0.233908770937587,0.393259561087272,0.104789563391108,0.150388913717322,0.0785361274777678,0.415185792866674,0.351824334001816,0.127257537488603,0.162718235586035,0.0497509905186302,0.164516217937132,0.0931439116697532,0.283867377439976,0.108957499165055,0.124836542303297,0.121916696007234,0.100083512229894,0.273803304800232,0.295256734410179,0.25857294923189,0.206624988539815,0.420476491116114,0.296512900439475,0.233916459334937,0.337592930750849,0.113553974000571,0.116226878896207,0.336918267624439,0.417898644454229,0.219805450485064,0.270767592350442,0.422226886528133,0.10961521820003,0.108126940109189,0.0358448700067529,0.136177577152001,0.157576710820134,0.474334533042005,0.316778544459674,0.234062693205805,0.196477535556557,0.429533168648405,0.130831680545104,0.185789852548602,0.1710651868917,0.141777881595648,0.125160171939457,0.424068041418715,0.237196935701773,0.158855958251548,0.385118406963377,0.335992214261345,0.310156309905134,0.374122481096088,0.511050199926939,0.0468567837261328,0.182700103157881,0.0756575287791276,0.10733398616968,0.139477578195571,0.162949037267193,0.217206926446171,0.187369552655283,0.472862037932189,0.496904597283967,0.275407403228099,0.185906454016223,0.478683896149637,0.367732014174431,0.280068049260711,0.151067024063993,0.138198568357602,0.304852058248685,0.471055910111995,0.255509314454981,0.124065368801779,0.319210721256791,0.119226049402659,0.310588123560746,0.428599130772858,0.116259235638169,0.143238394073516,0.231194520274372,0.0616771486596971,0.344190647611588,0.456832867981497,0.280158290171266
"Alces_alces",0.379648736858683,0.427665100385263,0.422141013079885,0,0.106979731893077,0.260223596369172,0.403864104508512,0.240489184623522,0.430283271829445,0.399797077238295,0.37688019431003,0.168460218395653,0.0888826015099782,0.292929053578877,0.383990379312787,0.197193366844854,0.397176074798302,0.105828860012066,0.426994446664596,0.3766507932221,0.198665827557653,0.288833403767859,0.388616625471596,0.329148356702015,0.142994316877149,0.380122650517389,0.217563771732374,0.230947032030136,0.0780442559643533,0.162413293664838,0.159057318341738,0.310231167891921,0.392107327653756,0.463110593161926,0.472313493000577,0.313718185369452,0.426034604699569,0.28568074607903,0.476910103114516,0.419692027185771,0.472696906423019,0.342265777136871,0.0832794741185656,0.177021421719949,0.286947777986788,0.376779565673505,0.0806132733481167,0.450934567403042,0.387936937923573,0.287487610791578,0.383767860941817,0.368498835649954,0.41288186000165,0.363672589151766,0.226117786898956,0.241840527869903,0.360980624016677,0.478243538946743,0.359358032696446,0.435688538367845,0.393814415814463,0.354310119327318,0.325960181224263,0.440382511675411,0.1633769411448,0.285334598417984,0.1215038268472,0.382036562936502,0.471881426145608,0.391883827300618,0.453741402609363,0.400191770533943,0.407533273607688,0.484366880957582,0.407296578766254,0.477204223628581,0.415831551474096,0.182706730385081,0.463550722989068,0.434572783102798,0.389004842448628,0.446129582019058,0.340695847850936,0.37558171725107,0.335081333213448,0.373728225428707,0.307695094265483,0.380610045701218,0.343869802060414,0.117645791022108,0.464267296140437,0.449090356440366,0.397982898086105,0.453945950088385,0.230190004371404,0.188740815280025,0.090841301564027,0.336599233192194,0.478915949322488,0.409516656880583,0.435897131515185,0.47478743150912,0.234047646460434,0.248689910436833,0.272996229842608,0.260796347587909,0.160511802354394,0.317652876104328,0.357892011483206,0.273588821817484,0.402932507153521,0.431609553234327,0.458581482485486,0.329067775289506,0.324389969209495,0.427475140856071,0.196679371866302,0.218873371258015,0.16908605701727,0.115178162326009,0.385692493129424,0.274249658469924,0.398411344727553,0.352191143286805,0.324094154371319,0.482241889884724,0.377572614608054,0.38989238449179,0.121948829898287,0.139271894747371,0.256205662855556,0.371444695755325,0.471008788079671,0.395525057432802,0.159160076624158,0.458266439281625,0.421317676830289,0.392615199060165,0.275422514060864,0.330432989440995,0.369247420929497,0.390808295947125,0.35642155123589,0.267806947196091,0.463073822116963,0.444696854012313,0.416833719863403,0.390805640591587,0.382590152503545,0.392211921838666,0.463195389190505,0.27819680013252
"Alces_americanus",0.356835162632114,0.405396268077555,0.390387907397514,0.106979731893077,0,0.237534769593728,0.374591699214838,0.176762819014174,0.400236596018163,0.388198749728474,0.395927057243948,0.0823227842667941,0.0959846390216228,0.280031875456411,0.383029586360018,0.136861859735831,0.403880993236358,0.107894561970213,0.392209576811615,0.41433036801134,0.202412469806515,0.200519421296638,0.350479420894877,0.274250389380981,0.157990180681055,0.350088154811655,0.199788781457973,0.162772980203896,0.120965140630407,0.142537591689228,0.190123927261591,0.376407098493751,0.36632378322129,0.514897164592397,0.524331323486982,0.315478343487925,0.468727350005932,0.301889254040545,0.454641270806808,0.463901320611326,0.524820546795954,0.319452202910302,0.149804212962235,0.210573340368596,0.260783512387849,0.353914944518929,0.124587516617529,0.428665735095334,0.36577024383867,0.263359263506393,0.361221079420594,0.345685261423385,0.390068285775081,0.338530104959298,0.166145171457653,0.15990553538261,0.32509580850612,0.45335075729946,0.336868605473413,0.398898010835035,0.363013043040224,0.333153408950297,0.248637660480028,0.414932755498136,0.167981571983514,0.262287746314652,0.151186295315424,0.359222988709933,0.449345801132554,0.368332816772805,0.503701159431399,0.428738792216311,0.385161523964982,0.462098048649873,0.380901860506632,0.454935391320873,0.393709625908983,0.172621624441893,0.438586147780758,0.409983723512069,0.366458060927405,0.418030168400114,0.352839912761751,0.38695044625512,0.332481286528102,0.361788295680936,0.354455762041195,0.400704842220943,0.358080697982402,0.140033100393592,0.43858104628246,0.423566577182082,0.431284662430318,0.505125673110189,0.192894223672129,0.154109181767688,0.0981244285671434,0.309736098499441,0.452366664547764,0.380244251586909,0.403359910385208,0.452518599201412,0.212273595797576,0.165530364398431,0.199939882294293,0.215971228584159,0.115863239539212,0.291126016534024,0.338010075614196,0.24000803102787,0.380396882140466,0.409073928221273,0.509965583815649,0.317536708286324,0.309690292075757,0.475205573220721,0.149690693337879,0.16788175173234,0.185582363507602,0.190732920631232,0.357019575283407,0.260493743044562,0.372741646806251,0.329377569060235,0.300790641341017,0.459973057577015,0.391069010364707,0.379541190680221,0.187709280119789,0.210109625888365,0.284632807066392,0.358358867939378,0.530883475136857,0.43575431790433,0.150535989808167,0.435873680688615,0.399048844522581,0.409593627830157,0.328787238879893,0.329508428606077,0.346433846702927,0.40985637153344,0.335554811226652,0.249377260835133,0.514789501473656,0.421352308488969,0.394298094850348,0.382283469058148,0.356303481594913,0.416993803683026,0.518816252927319,0.256291869571645
"Ammotragus_lervia",0.169706865979093,0.215151710739377,0.196330844915288,0.260223596369172,0.237534769593728,0,0.179339486721368,0.135830641978099,0.195340471126243,0.222325698052725,0.263249989473386,0.221491562684355,0.195598654169361,0.212926330779664,0.246774305192164,0.238477463537409,0.276025360445885,0.186522723564742,0.200739432472711,0.306399883135695,0.177280242600813,0.215216503574044,0.154139202206021,0.111616752911871,0.181275579707716,0.12996503715355,0.0469553800963874,0.23229174742717,0.202246047393476,0.256520872747886,0.289393188591877,0.330851258540981,0.179897493413767,0.444192063994224,0.45375745684556,0.200896942244714,0.397120883400178,0.270985704935855,0.267512277234923,0.392249147579858,0.454243479474763,0.155448789184997,0.246824048674066,0.256069365001079,0.116449890773627,0.164808347347979,0.2008292727044,0.239930390969592,0.187322296643996,0.110822819360073,0.171052176514928,0.167252009814924,0.205413510124805,0.114737669685377,0.228122288981083,0.245293181748739,0.125190943765007,0.262271962174348,0.181097511519332,0.216391269045432,0.144466547800561,0.120359651566821,0.160096595538689,0.213336110212762,0.206742080644705,0.20853375944484,0.255945161845858,0.173853312548483,0.256152640667292,0.186213649371247,0.432662816977476,0.357853697654819,0.197589486951195,0.266149393245241,0.19454569142947,0.256742387339188,0.209924722832236,0.142701261021325,0.238902365298854,0.213599005918821,0.179320628694599,0.20707516379521,0.303901038769385,0.314905188128066,0.292356698274318,0.224840669303741,0.327058554451258,0.314439949922094,0.249142599976474,0.18827652062807,0.234676701324122,0.213382956167372,0.346880679843057,0.434269987180877,0.104018472097228,0.155028258574885,0.259897344469147,0.122076138897329,0.24421275460534,0.185077814814477,0.195699116034454,0.263674061659964,0.334065222209177,0.22747982087329,0.1413984034164,0.0910943805005969,0.273351065281139,0.156117520131116,0.218549397155671,0.0676211320459815,0.199149974973299,0.217772843322622,0.439204443066459,0.23452948301391,0.148430478325235,0.403799044631574,0.24619439875503,0.212222581067295,0.243828932676397,0.344462840060226,0.165595234274778,0.088242171483573,0.18593293169631,0.164794998908826,0.13894302310009,0.268513581994482,0.25905878981044,0.240031593653538,0.312374134434254,0.328368970692188,0.221091309550213,0.21999407998684,0.474569147805143,0.364429217738632,0.114223198145826,0.248600513795045,0.212926315850456,0.327140730725455,0.353903613981302,0.288904240321601,0.164852029714293,0.337762524770032,0.167381260265331,0.22283458267241,0.443958607255163,0.223466412770719,0.211619566103741,0.254030441608227,0.166707046777475,0.347519579019679,0.456046784617571,0.247740770201148
"Antidorcas_marsupialis",0.0983174703537634,0.125198828827069,0.0368320370946199,0.403864104508512,0.374591699214838,0.179339486721368,0,0.210419334595387,0.134399567887271,0.178022999395735,0.227188046951452,0.34255006277749,0.326383190925849,0.198938646626721,0.218674395138442,0.312470703852562,0.250541792004608,0.310691711936782,0.147682390986125,0.277567761040732,0.271275555944987,0.246767427340318,0.137958875163847,0.165409281446239,0.332677524173851,0.108013579862114,0.215061209261913,0.342690732453349,0.346130374634811,0.365204802833009,0.415471865679266,0.419519863396964,0.116546007400523,0.432398716923837,0.442109611390567,0.191840307861814,0.379882022016106,0.333832488198757,0.166745224544979,0.378117486505526,0.442775287817388,0.101712592694065,0.384712782003747,0.37673718126899,0.129593000856856,0.0807917328720185,0.338933105309035,0.157483002828312,0.123015199577128,0.126199955576404,0.0919303629265273,0.113100866776018,0.131758161124564,0.109145587308924,0.315576721598036,0.309175186178294,0.0638414352752363,0.141538194244715,0.163634746050072,0.125419057186338,0.120157677279425,0.126869839169073,0.184713072763585,0.0878570042796466,0.305723237934214,0.211705494435904,0.368232169380335,0.101764809886966,0.156193832292125,0.0745108555663122,0.418353718420919,0.348994545566593,0.127635570843829,0.16401131030324,0.0550419871773312,0.169281768459774,0.0979261813450627,0.256122913018812,0.106755298158397,0.120194004670504,0.113353883179862,0.102282245530051,0.266684812101833,0.298630036994824,0.250355999869901,0.208054496372769,0.396094838056142,0.299027278972338,0.231474697330593,0.320589510860658,0.111631500616819,0.120773552883213,0.336451797090654,0.420896185718652,0.204896898616867,0.256813963824716,0.406381708152324,0.0854609389245843,0.111663378207355,0.0080576236062063,0.131589674588974,0.160498414121044,0.450932060981199,0.295060261444801,0.212706674688356,0.17652074516282,0.408807788894679,0.115485806168024,0.185793584829097,0.149153965639217,0.141308581417846,0.127189721488824,0.427148791407078,0.22969539516542,0.14086816353319,0.388322181840388,0.316859337753493,0.288411001809635,0.353263859770957,0.491532799912295,0.0342045235507369,0.158686868123199,0.0747835806788698,0.0952236545701232,0.117103514676106,0.164047037291832,0.223203738621902,0.19761798770535,0.454409591926815,0.476191409765495,0.255854269872999,0.189143577133512,0.476941180052006,0.368989159472849,0.261227297860273,0.154208512428062,0.140274084754152,0.307635027047012,0.444823000482556,0.246498691319273,0.107440342686902,0.321770480657163,0.114459668166071,0.291912821500982,0.431684410889198,0.11667268240944,0.143195279918304,0.230868924629507,0.0522340555911475,0.344551968619372,0.458800238614867,0.257677143424278
"Antilocapra_americana",0.231019442425498,0.281670961565711,0.229353832940787,0.240489184623522,0.176762819014174,0.135830641978099,0.210419334595387,0,0.260435809341612,0.310424440719157,0.341609920738835,0.140884915586803,0.161925635976993,0.289162437458864,0.342548599163872,0.166602225274022,0.367813134868913,0.152331453775964,0.25773708962708,0.395501571897912,0.200268299840201,0.121735363294999,0.210156445540321,0.155790178983843,0.219271855267977,0.221893238835776,0.138065929565052,0.17211704947236,0.213046906187286,0.201066906520863,0.252121202774874,0.413823809632873,0.240796776913732,0.538952257130619,0.548639541423213,0.288396606537991,0.489026375608749,0.357257588863512,0.33656240663001,0.484537177426768,0.549278220042463,0.219862771406313,0.259518481070114,0.25776505367715,0.155855690494739,0.221439246512078,0.21508020707092,0.308630991296295,0.25572854337377,0.163066650096512,0.225963536904505,0.227851866115065,0.23984790460387,0.208455272871344,0.155203149212469,0.157736305193229,0.162778458951803,0.320760526534302,0.24267418010146,0.250447876435939,0.230316621385322,0.220466699442291,0.12076928501349,0.261005483089976,0.220902207629795,0.18080961223136,0.269776546322274,0.238403732438311,0.326241133178555,0.237086603028286,0.52533097623128,0.453910189900766,0.267285120585049,0.334678649300995,0.232151894149555,0.327785139324667,0.269137396329799,0.162314844877584,0.28447963801101,0.257538826548605,0.245017184587698,0.27264335623001,0.381909738256213,0.403864497592455,0.360850182629653,0.321437916949366,0.415091750612625,0.40737477882457,0.347133348101899,0.216588507304617,0.284743123221434,0.271116597584926,0.443049421316439,0.527511161758739,0.111845033370787,0.171853082137276,0.237195496667041,0.17332365189,0.296416869500229,0.216273201155322,0.272105896400275,0.331218371339006,0.278565555502185,0.141950369214556,0.0965941361144095,0.0677963466188757,0.216666750584199,0.211482643123716,0.299475759758191,0.149701412293897,0.27215117335121,0.285632115970581,0.533776420979198,0.324528595102347,0.233930070511819,0.495935559424642,0.184095070573824,0.141596737085304,0.263040226150806,0.339781223309974,0.206167093419514,0.188075229810944,0.235702907387954,0.2243766901652,0.195934356509481,0.335776472951133,0.338697467412085,0.314105218070356,0.32122434809368,0.336071317805014,0.314445401962567,0.312907869383041,0.577002162034075,0.468026211748262,0.142858974027695,0.318182612207665,0.284207421467296,0.419462763573496,0.410343675881292,0.357947820014902,0.227978511584638,0.429134265615815,0.233564121214515,0.270641642135293,0.538287552486165,0.278916053490548,0.283421783603294,0.346155426706756,0.211303291314269,0.444561990939241,0.559149300434631,0.213013228504849
"Antilope_cervicapra",0.145244113145479,0.113143887301438,0.121930380211908,0.430283271829445,0.400236596018163,0.195340471126243,0.134399567887271,0.260435809341612,0,0.115979555819446,0.183564016927737,0.388631195361509,0.354128282076902,0.209144569296708,0.197638572425634,0.330170121013999,0.214733316536173,0.34193531273018,0.02963948382289,0.254095635572844,0.275675770035378,0.296570237364195,0.158505694275365,0.183635848478082,0.352232826596789,0.14967593696695,0.233575702001441,0.369496630281939,0.375076918714208,0.370911224884705,0.41953597509093,0.450666172134626,0.108532457168366,0.410096887894925,0.419874348960241,0.206341595250175,0.358377624068849,0.373198935548819,0.123785010070361,0.367563642358092,0.420757074802538,0.149046934601277,0.414171204199792,0.374998777098148,0.189482271208261,0.128668858502667,0.371066248142158,0.127980670740499,0.150550643213329,0.185718085980291,0.146244740154666,0.167574990133384,0.196895558937183,0.153189164784198,0.350152036037963,0.343077359999949,0.166643113644742,0.0911891694944642,0.211483922228189,0.0500598497521008,0.147493197352141,0.141260519516636,0.235437714012976,0.134976920149484,0.334124732397581,0.289655065864914,0.423775881539763,0.129583692560913,0.100396104750593,0.112879075781653,0.395155951690657,0.34823184716201,0.125638636450216,0.11414587807759,0.112279138035037,0.14017883873618,0.104157658993155,0.321730934056301,0.157394493334369,0.177665672802555,0.154726924274787,0.120897104782296,0.289828584251709,0.281617682953807,0.288832814558573,0.175667924406632,0.438499116014571,0.279701442328765,0.239414391007453,0.359078916532865,0.158794308899765,0.133183908187042,0.317159730023968,0.39927537199658,0.23286492816437,0.273126230866789,0.423227456233893,0.153750269413376,0.152247371799889,0.134610389846123,0.112933059406935,0.113424711195446,0.48605364634844,0.331053344927796,0.259730249086585,0.221806616711985,0.439035768151793,0.177965815236833,0.186817938494978,0.206514756649224,0.148448606719825,0.106479354659816,0.404709369383476,0.258136041251166,0.189067083794722,0.362661665276782,0.348740120832778,0.324246361152767,0.389516830454892,0.512618228542135,0.122017628450326,0.219655944537774,0.106658728670021,0.14090148145382,0.181416476293667,0.118669875410381,0.178001303051686,0.131448942755063,0.478980992840849,0.495900857671231,0.288122894365016,0.165588003267354,0.456671234999368,0.340232185350342,0.28538149330285,0.112412459478555,0.124461379637845,0.291148838697337,0.496796852263265,0.284610013967573,0.159736504007081,0.302363997310118,0.141990920039862,0.342940361188673,0.408657978759541,0.147532751757069,0.12342172636251,0.215869086111423,0.12081809139913,0.312901871329541,0.430655568865074,0.330032952197886
"Axis_axis",0.144492124647018,0.112209955696894,0.171661662787866,0.399797077238295,0.388198749728474,0.222325698052725,0.178022999395735,0.310424440719157,0.115979555819446,0,0.0990551359195134,0.389308419246151,0.33195826654558,0.148551276294871,0.0820757014037763,0.344235112393921,0.109998597245132,0.320941880676301,0.126353149750525,0.139608641315514,0.229158368638774,0.369967063379741,0.237091171312096,0.252821910870057,0.317297758529559,0.207878646536465,0.249344846495821,0.402423212217521,0.340145188836075,0.332275872531865,0.370433988280866,0.350845418464142,0.125548545014633,0.299633774965225,0.309404175206853,0.134928288598412,0.248985758080271,0.288204880264475,0.125503990200357,0.256087538596055,0.310094915957988,0.143380221518612,0.368117916157362,0.325555648819979,0.196111443248273,0.134853330692579,0.336539735068958,0.118727638506087,0.136230038731444,0.181047000797647,0.147814925022833,0.158404513729483,0.197504566395904,0.209392726219161,0.39368418940003,0.383306782377238,0.201095972902924,0.137788542654043,0.190347350984167,0.157883259998261,0.214226002588602,0.180879240876919,0.305355739571262,0.153277167808262,0.261338292099257,0.280609559663328,0.358782966686757,0.126766694443425,0.12332482601499,0.126733009207221,0.285857943326172,0.241266709021755,0.11325490743689,0.132945899938325,0.143712534447082,0.147837262691181,0.106471902598769,0.289369731229699,0.174280587037957,0.182413406667459,0.148902417968529,0.147381599571371,0.217089167360444,0.178529656161755,0.232203764783499,0.112774877898097,0.346716821521252,0.167919405472464,0.126822085961715,0.31709463600599,0.175510713276895,0.151177467852352,0.206142795153383,0.288793184174918,0.248963020205073,0.254321473583191,0.391999960466231,0.162750688197732,0.178551815174859,0.179429003397642,0.18100570192594,0.12769320080663,0.468701208848249,0.385074515873534,0.32270333277061,0.266903304363898,0.42247407730785,0.157471535792534,0.104834958769965,0.206574551107462,0.128341718423996,0.106208604763594,0.294357659410932,0.171995821031109,0.147831737270898,0.254562228225714,0.363728757918253,0.371833825507575,0.312901025335711,0.467971927962604,0.153257185749392,0.199619564631879,0.126654941402773,0.134964275741552,0.171998670036041,0.132189038547372,0.10038889617265,0.0596303357397442,0.419980456453956,0.441122869064659,0.205956419213298,0.0522624933498019,0.351051234995145,0.235537861928143,0.278297757614299,0.117852283514161,0.109677933158808,0.181902148223004,0.411028949305907,0.227140248675446,0.153839477800602,0.192834794398762,0.135542139514788,0.271024433527769,0.298604571102163,0.158441315189559,0.10431375462102,0.134567037001405,0.141886657543451,0.219590483525126,0.319093316330429,0.304056219312807
"Axis_porcinus",0.196457001004535,0.184897794623389,0.224727555612903,0.37688019431003,0.395927057243948,0.263249989473386,0.227188046951452,0.341609920738835,0.183564016927737,0.0990551359195134,0,0.420845194726582,0.346930181741652,0.185514781366043,0.0902676025919864,0.368100971905923,0.142738742244248,0.339912019696055,0.187890155900482,0.0975084923378798,0.217105372611813,0.401075058335526,0.283489780771311,0.304688333337285,0.323468319857911,0.255226665070772,0.289149880213133,0.431881515559152,0.330117002506519,0.306574810443775,0.333635384678701,0.292246458642799,0.186223171243633,0.279399271818795,0.28692691615742,0.180744011754911,0.236688441403279,0.288812592166288,0.206594527206543,0.241322277448041,0.287653357150473,0.184001738114685,0.34524778192027,0.291916942606481,0.232531782907059,0.186168323211603,0.330150932770924,0.197747351016591,0.191819338410351,0.221949690457545,0.200281909833426,0.209625991038561,0.2568472760538,0.256130428714303,0.42297832808725,0.411947352182418,0.250592631489591,0.217544019514948,0.24311271957544,0.215780796445557,0.258557565117312,0.231238873783871,0.34916542750725,0.221469180822773,0.257298015483807,0.320244416803384,0.355435249181119,0.17900882072827,0.208533700464397,0.169053544594134,0.265394797433253,0.237239862375241,0.178296166435453,0.218420361653516,0.196340875440814,0.227044093712204,0.16876601764904,0.329986165658713,0.244778220771493,0.247267340791249,0.202294638172278,0.218804050307573,0.204439801059065,0.190138925871227,0.226890457404916,0.188062676483301,0.325099068793189,0.16899650474727,0.107010831427863,0.328131992232901,0.246051854902812,0.220822939913487,0.206538964884689,0.270657254653094,0.289216643192091,0.270015204452955,0.372346246855166,0.209253970250556,0.250784387799327,0.228948705258333,0.238078708204505,0.208692668668247,0.49237418583272,0.415475574195523,0.365995867710495,0.30937956023207,0.427823043699181,0.192950668560441,0.151417888791479,0.261645231879462,0.192955727034614,0.183756106905415,0.274970371710101,0.215749074505549,0.194844912485753,0.24344151075889,0.390711549538989,0.402515326347733,0.305792873130258,0.446219835935332,0.20418955238081,0.241271305195383,0.172583179940954,0.177369088514347,0.214760221044061,0.215377454170235,0.0241057943950024,0.0645637887695309,0.399331190955959,0.424356018815194,0.198528709425284,0.0881154460127607,0.346085437358422,0.235131182244096,0.313289441198747,0.194964132070887,0.179293749093315,0.164209755129607,0.39120687549904,0.221496815816316,0.201603262837282,0.194245129393975,0.180813688514856,0.312322208883166,0.278184064533571,0.224522777998387,0.17399307176674,0.186404722477569,0.18719636323745,0.246157225085518,0.31430745167803,0.338584791203779
"Bison_bison",0.346031115034412,0.396283064162053,0.361739042791344,0.168460218395653,0.0823227842667941,0.221491562684355,0.34255006277749,0.140884915586803,0.388631195361509,0.389308419246151,0.420845194726582,0,0.148167720984576,0.316065280090883,0.408106185673673,0.116100798426634,0.435197503869465,0.148714375313331,0.380560063329818,0.442853057723166,0.242893465759582,0.199601073851486,0.326052586739284,0.257514802571661,0.196929719099807,0.33049766720608,0.189452063025546,0.145727612235479,0.178231637245467,0.205556607607359,0.25651060040071,0.423072191237697,0.359053782813487,0.570198216956659,0.579747905905677,0.329708043571582,0.523380296975823,0.357169791894898,0.44553726801314,0.51857236608909,0.580223409158025,0.314651976959204,0.209458307866479,0.27494421361764,0.245414309921369,0.340342675776913,0.180948305847046,0.419321110125246,0.35975051082315,0.252230242878157,0.346693407629198,0.334144799694364,0.366308151468565,0.320461824690569,0.130381164664654,0.162357952500251,0.294680939991831,0.443831236100526,0.332487435496708,0.378985383130805,0.344106206425866,0.321335176061693,0.243120414574177,0.389974948833898,0.205648133764938,0.229671825672804,0.183089725909404,0.350995144671022,0.442775756677346,0.357869863977719,0.558852178882891,0.484140850094446,0.379340850134099,0.45155004419579,0.356039737909924,0.447691645833244,0.381809158690371,0.159813475334513,0.412027374892143,0.383974956227734,0.357979757736377,0.402618546447907,0.408945476291135,0.439624507820882,0.38070958013842,0.374858576140783,0.410111577863038,0.44057167959989,0.387558934877959,0.182768285742405,0.413879955891673,0.399647770062994,0.472175478352966,0.560263059894208,0.173796528926076,0.196001540813877,0.118476060371339,0.297524226500886,0.425785078669073,0.347612317670241,0.389039656850334,0.445078206932559,0.202474821631397,0.163080992984451,0.194277169173792,0.182176087807993,0.137146786383577,0.287964444096165,0.346212945209221,0.22803166187587,0.375960740210414,0.400457071893228,0.565249129940456,0.353850684539368,0.308641458083688,0.529955684134627,0.123663958718798,0.13510280794239,0.216213107823889,0.218584726802503,0.332881668748318,0.256735035872363,0.361279712840834,0.320951144552619,0.290240041059513,0.449592947007506,0.417759710615435,0.397294411694737,0.227971143019975,0.233111244405462,0.334259820916481,0.377340816031482,0.585805654374948,0.489624040223472,0.150975739265371,0.430621209233563,0.39483211698693,0.45424263184287,0.369844673108407,0.380447512498913,0.339500318000104,0.464080683874524,0.329583424884419,0.263032240635955,0.569971671395315,0.40501497208735,0.390856191862141,0.394409712766028,0.337792777318074,0.470443017971383,0.57500475151199,0.226145635482158
"Bison_bonasus",0.310029372720362,0.361676723410073,0.34315405149023,0.0888826015099782,0.0959846390216228,0.195598654169361,0.326383190925849,0.161925635976993,0.354128282076902,0.33195826654558,0.346930181741652,0.148167720984576,0,0.238996303412534,0.333108091187976,0.173673414057256,0.347645210845389,0.0208868261039299,0.348704046458063,0.353683127072218,0.149935513095206,0.215276902508213,0.324439676384124,0.270097349906652,0.132703492550537,0.321163946483707,0.154142007828996,0.204013274037892,0.0807359508568551,0.131741548608357,0.157900372771379,0.324139521232811,0.318520522920416,0.463633535605039,0.47283643544369,0.251399274571719,0.421814843802167,0.274760970683066,0.410919018689648,0.420816467799809,0.473219848866132,0.273033060010666,0.121064915544004,0.171362277391939,0.215283454392554,0.306230822237675,0.0821729799126889,0.384968508686372,0.321610209426557,0.218078360130076,0.31557543977331,0.30027430741409,0.343909121716717,0.303828806456505,0.205669650245783,0.196383724072423,0.280327831160596,0.407303127714434,0.292178682377162,0.355964649180422,0.33125905666969,0.301970867524797,0.248745920354692,0.367785934422454,0.155285281177251,0.242572197982054,0.153043214058934,0.312351088546731,0.405341445134168,0.321090170404447,0.454264345052476,0.38615316729806,0.341700202664538,0.417967068851656,0.335449860727872,0.410804411522656,0.346512778898228,0.149732535523439,0.391956880883631,0.365716733054818,0.320507639909242,0.371997664548762,0.32000163400235,0.34230845751061,0.304900404719839,0.305435378536962,0.321761571789091,0.35688949707211,0.309769117809157,0.102135520442825,0.391650824173791,0.377569836476785,0.378272016638588,0.454578617336288,0.178812798059154,0.12309259684586,0.132357057846469,0.265613938300377,0.405098778609792,0.331825628661965,0.363820643612251,0.408396207427231,0.23709680484823,0.205931076768014,0.208887400364185,0.18874206664278,0.164019753223242,0.2440557933231,0.296484466635025,0.207829097496177,0.337669502178173,0.365563748592233,0.459104424928599,0.271615201233167,0.256750111844901,0.425707563656727,0.17913058764704,0.194597278619413,0.191368155676591,0.198621605461353,0.310051606529102,0.225446513492922,0.325042723379642,0.282836385216158,0.256576546612003,0.415842077778798,0.346618531110674,0.334878362445701,0.18392636479368,0.210171068082681,0.236945577981414,0.309451028818612,0.472899533678868,0.384192382812398,0.0897995249606673,0.391981667492951,0.355651752115976,0.375697123797775,0.310214752427686,0.300182013977978,0.300662297185342,0.366249552541614,0.286684343635407,0.231127055499163,0.463596764560076,0.374729256975033,0.351183906062996,0.325083266814463,0.308795052459118,0.361897019703184,0.461323849817319,0.250479244432561
